  1.3200938e+003  6.8948706e+002
  1.3203672e+003  7.0448706e+002
  1.3206421e+003  7.1448706e+002
  1.3209154e+003  7.0216949e+002
  1.3211904e+003  6.7048706e+002
  1.3214637e+003  7.2568250e+002
  1.3217386e+003  7.2418250e+002
  1.3220120e+003  7.3718250e+002
  1.3222853e+003  6.6448706e+002
  1.3225602e+003  7.2216949e+002
  1.3228335e+003  6.8948706e+002
  1.3231083e+003  6.8318250e+002
  1.3233816e+003  7.6618250e+002
  1.3236565e+003  7.1450000e+002
  1.3239297e+003  7.2648706e+002
  1.3242046e+003  7.0348706e+002
  1.3244779e+003  7.2548706e+002
  1.3247511e+003  6.8800000e+002
  1.3250260e+003  7.0548706e+002
  1.3252992e+003  7.1250000e+002
  1.3255740e+003  7.0748706e+002
  1.3258472e+003  7.0218250e+002
  1.3261221e+003  6.6518250e+002
  1.3263953e+003  7.2666949e+002
  1.3266685e+003  6.5818250e+002
  1.3269432e+003  7.1466949e+002
  1.3272164e+003  6.8166949e+002
  1.3274912e+003  7.0166949e+002
  1.3277644e+003  6.7468250e+002
  1.3280392e+003  6.8348706e+002
  1.3283123e+003  6.9068250e+002
  1.3285854e+003  6.8748706e+002
  1.3288602e+003  7.3268250e+002
  1.3291334e+003  6.9448706e+002
  1.3294081e+003  7.2218250e+002
  1.3296813e+003  7.1648706e+002
  1.3299559e+003  7.1166949e+002
  1.3302291e+003  7.1700000e+002
  1.3305022e+003  7.0766949e+002
  1.3307769e+003  6.8368250e+002
  1.3310499e+003  6.9018250e+002
  1.3313247e+003  6.5048706e+002
  1.3315978e+003  7.0168250e+002
  1.3318724e+003  6.9348706e+002
  1.3321455e+003  6.8748706e+002
  1.3324186e+003  6.5748706e+002
  1.3326932e+003  6.8848706e+002
  1.3329663e+003  7.2568250e+002
  1.3332410e+003  7.1668250e+002
  1.3335139e+003  7.1448706e+002
  1.3337886e+003  6.6748706e+002
  1.3340616e+003  6.7748706e+002
  1.3343346e+003  7.2918250e+002
  1.3346093e+003  6.9200000e+002
  1.3348822e+003  7.3716949e+002
  1.3351569e+003  6.8818250e+002
  1.3354298e+003  6.8066949e+002
  1.3357028e+003  7.2550000e+002
  1.3359774e+003  7.4350000e+002
  1.3362504e+003  7.0566949e+002
  1.3365249e+003  6.9150000e+002
  1.3367979e+003  6.5750000e+002
  1.3370724e+003  6.7548706e+002
  1.3373453e+003  7.3548706e+002
  1.3376183e+003  7.0268250e+002
  1.3378928e+003  6.6518250e+002
  1.3381658e+003  7.1866949e+002
  1.3384403e+003  7.0200000e+002
  1.3387133e+003  7.1968250e+002
  1.3389861e+003  6.7048706e+002
  1.3392606e+003  6.9148706e+002
  1.3395336e+003  6.6848706e+002
  1.3398080e+003  6.6848706e+002
  1.3400809e+003  7.1216949e+002
  1.3403553e+003  7.0148706e+002
  1.3406282e+003  7.1548706e+002
  1.3409011e+003  6.9568250e+002
  1.3411755e+003  6.9548706e+002
  1.3414484e+003  6.9348706e+002
  1.3417228e+003  6.9018250e+002
  1.3419956e+003  7.0018250e+002
  1.3422684e+003  6.8648706e+002
  1.3425428e+003  7.1318250e+002
  1.3428157e+003  7.0148706e+002
  1.3430901e+003  6.8168250e+002
  1.3433629e+003  7.3066949e+002
  1.3436357e+003  7.1548706e+002
  1.3439102e+003  7.0568250e+002
  1.3441829e+003  7.1148706e+002
  1.3444573e+003  7.1516949e+002
  1.3447300e+003  7.2968250e+002
  1.3450028e+003  6.9748706e+002
  1.3452771e+003  6.9448706e+002
  1.3455499e+003  7.1418250e+002
  1.3458242e+003  7.2568250e+002
  1.3460970e+003  7.5568250e+002
  1.3463698e+003  6.9848706e+002
  1.3466440e+003  7.0950000e+002
  1.3469167e+003  7.1548706e+002
  1.3471910e+003  7.1518250e+002
  1.3474637e+003  6.5848706e+002
  1.3477365e+003  7.0818250e+002
  1.3480107e+003  7.3548706e+002
  1.3482834e+003  7.0348706e+002
  1.3485577e+003  7.5268250e+002
  1.3488304e+003  7.1250000e+002
  1.3491030e+003  7.5900000e+002
  1.3493773e+003  7.0248706e+002
  1.3496500e+003  7.2768250e+002
  1.3499242e+003  7.4200000e+002
  1.3501969e+003  7.3348706e+002
  1.3504695e+003  7.0066949e+002
  1.3507437e+003  7.9118250e+002
  1.3510164e+003  7.3766949e+002
  1.3512905e+003  7.0466949e+002
  1.3515631e+003  7.5166949e+002
  1.3518357e+003  7.7018250e+002
  1.3521100e+003  7.2248706e+002
  1.3523826e+003  7.1566949e+002
  1.3526567e+003  7.0948706e+002
  1.3529293e+003  7.6418250e+002
  1.3532018e+003  7.2948706e+002
  1.3534760e+003  7.6716949e+002
  1.3537485e+003  7.3818250e+002
  1.3540211e+003  7.7248706e+002
  1.3542953e+003  7.8216949e+002
  1.3545677e+003  7.7368250e+002
  1.3548419e+003  8.1516949e+002
  1.3551144e+003  7.6118250e+002
  1.3553870e+003  8.3750000e+002
  1.3556610e+003  8.0348706e+002
  1.3559336e+003  7.9118250e+002
  1.3562076e+003  7.9200000e+002
  1.3564801e+003  7.8418250e+002
  1.3567526e+003  8.0348706e+002
  1.3570267e+003  8.2966949e+002
  1.3572992e+003  7.8868250e+002
  1.3575717e+003  8.0348706e+002
  1.3578457e+003  8.3916949e+002
  1.3581182e+003  7.6748706e+002
  1.3583922e+003  7.8748706e+002
  1.3586646e+003  8.3066949e+002
  1.3589370e+003  8.4516949e+002
  1.3592111e+003  8.3118250e+002
  1.3594835e+003  8.3518250e+002
  1.3597559e+003  8.3516949e+002
  1.3600299e+003  8.0766949e+002
  1.3603022e+003  8.3466949e+002
  1.3605763e+003  8.4416949e+002
  1.3608486e+003  8.3650000e+002
  1.3611210e+003  8.2518250e+002
  1.3613950e+003  8.6348706e+002
  1.3616674e+003  8.5348706e+002
  1.3619397e+003  8.5516949e+002
  1.3622136e+003  8.4068250e+002
  1.3624860e+003  8.7416949e+002
  1.3627600e+003  8.1548706e+002
  1.3630323e+003  9.1616949e+002
  1.3633046e+003  8.9818250e+002
  1.3635785e+003  8.8868250e+002
  1.3638508e+003  9.0666949e+002
  1.3641232e+003  8.7666949e+002
  1.3643971e+003  9.3118250e+002
  1.3646693e+003  9.1248706e+002
  1.3649432e+003  9.3148706e+002
  1.3652155e+003  9.5568250e+002
  1.3654878e+003  9.3448706e+002
  1.3657616e+003  9.6166949e+002
  1.3660339e+003  9.4668250e+002
  1.3663062e+003  9.5216949e+002
  1.3665800e+003  9.8968250e+002
  1.3668523e+003  1.0056825e+003
  1.3671261e+003  1.0056825e+003
  1.3673983e+003  9.8266949e+002
  1.3676705e+003  9.8018250e+002
  1.3679443e+003  1.0181825e+003
  1.3682166e+003  1.0446825e+003
  1.3684888e+003  1.0631825e+003
  1.3687626e+003  1.0526825e+003
  1.3690348e+003  1.0461825e+003
  1.3693069e+003  1.0636825e+003
  1.3695807e+003  1.0576825e+003
  1.3698529e+003  1.1026825e+003
  1.3701266e+003  1.1161825e+003
  1.3703988e+003  1.1296825e+003
  1.3706709e+003  1.0794871e+003
  1.3709447e+003  1.1311696e+003
  1.3712168e+003  1.0911825e+003
  1.3714889e+003  1.1576825e+003
  1.3717627e+003  1.0866825e+003
  1.3720348e+003  1.1456825e+003
  1.3723069e+003  1.1541825e+003
  1.3725806e+003  1.1836825e+003
  1.3728527e+003  1.1726825e+003
  1.3731248e+003  1.1996825e+003
  1.3733984e+003  1.2201696e+003
  1.3736705e+003  1.1951825e+003
  1.3739442e+003  1.2131825e+003
  1.3742163e+003  1.2661825e+003
  1.3744883e+003  1.2116825e+003
  1.3747620e+003  1.2631825e+003
  1.3750341e+003  1.2176825e+003
  1.3753060e+003  1.2236825e+003
  1.3755797e+003  1.2466825e+003
  1.3758517e+003  1.1941825e+003
  1.3761238e+003  1.2981696e+003
  1.3763973e+003  1.2451825e+003
  1.3766693e+003  1.2251825e+003
  1.3769414e+003  1.2631825e+003
  1.3772150e+003  1.1854871e+003
  1.3774869e+003  1.2026825e+003
  1.3777589e+003  1.2426825e+003
  1.3780325e+003  1.2206825e+003
  1.3783044e+003  1.2116825e+003
  1.3785764e+003  1.2071696e+003
  1.3788500e+003  1.1991825e+003
  1.3791219e+003  1.1775000e+003
  1.3793955e+003  1.1706825e+003
  1.3796674e+003  1.1381825e+003
  1.3799393e+003  1.1496825e+003
  1.3802129e+003  1.1096825e+003
  1.3804847e+003  1.1366825e+003
  1.3807567e+003  1.0896825e+003
  1.3810302e+003  1.0971696e+003
  1.3813021e+003  1.0636696e+003
  1.3815740e+003  1.0425000e+003
  1.3818474e+003  1.0184871e+003
  1.3821194e+003  1.0371825e+003
  1.3823912e+003  1.0076825e+003
  1.3826647e+003  1.0281825e+003
  1.3829365e+003  9.9916949e+002
  1.3832084e+003  9.8168250e+002
  1.3834818e+003  9.5248706e+002
  1.3837537e+003  9.5966949e+002
  1.3840255e+003  9.5968250e+002
  1.3842990e+003  9.2968250e+002
  1.3845707e+003  9.0766949e+002
  1.3848425e+003  9.4168250e+002
  1.3851160e+003  8.8168250e+002
  1.3853877e+003  9.1768250e+002
  1.3856595e+003  9.0668250e+002
  1.3859329e+003  8.6366949e+002
  1.3862047e+003  8.6048706e+002
  1.3864764e+003  8.8118250e+002
  1.3867499e+003  9.1718250e+002
  1.3870216e+003  8.7566949e+002
  1.3872933e+003  8.5166949e+002
  1.3875667e+003  7.8348706e+002
  1.3878384e+003  8.7418250e+002
  1.3881101e+003  8.5266949e+002
  1.3883834e+003  8.2116949e+002
  1.3886552e+003  8.0648706e+002
  1.3889269e+003  8.2568250e+002
  1.3892002e+003  8.2916949e+002
  1.3894719e+003  7.3348706e+002
  1.3897437e+003  8.0868250e+002
  1.3900168e+003  8.2018250e+002
  1.3902886e+003  7.9448706e+002
  1.3905603e+003  8.1748706e+002
  1.3908335e+003  7.5168250e+002
  1.3911052e+003  7.9448706e+002
  1.3913768e+003  8.2148706e+002
  1.3916501e+003  7.1348706e+002
  1.3919218e+003  7.5118250e+002
  1.3921934e+003  7.8100000e+002
  1.3924666e+003  7.7548706e+002
  1.3927383e+003  7.6718250e+002
  1.3930099e+003  7.7368250e+002
  1.3932815e+003  8.3068250e+002
  1.3935547e+003  7.7748706e+002
  1.3938263e+003  7.0948706e+002
  1.3940979e+003  7.5168250e+002
  1.3943710e+003  7.4848706e+002
  1.3946426e+003  7.5766949e+002
  1.3949142e+003  7.6568250e+002
  1.3951874e+003  7.6716949e+002
  1.3954589e+003  7.7148706e+002
  1.3957305e+003  7.6950000e+002
  1.3960035e+003  7.5600000e+002
  1.3962751e+003  7.1568250e+002
  1.3965466e+003  7.6068250e+002
  1.3968198e+003  7.3848706e+002
  1.3970913e+003  7.4716949e+002
  1.3973628e+003  7.3666949e+002
  1.3976360e+003  7.3948706e+002
  1.3979075e+003  7.5348706e+002
  1.3981790e+003  7.5068250e+002
  1.3984520e+003  7.5648706e+002
  1.3987235e+003  7.3750000e+002
  1.3989950e+003  7.4148706e+002
  1.3992665e+003  7.2700000e+002
  1.3995396e+003  7.1216949e+002
  1.3998109e+003  7.3748706e+002
  1.4000824e+003  7.3816949e+002
  1.4003555e+003  7.3200000e+002
  1.4006268e+003  7.1148706e+002
  1.4008983e+003  7.2816949e+002
  1.4011713e+003  7.0648706e+002
  1.4014427e+003  7.4918250e+002
  1.4017141e+003  7.1248706e+002
  1.4019872e+003  7.4048706e+002
  1.4022585e+003  7.6566949e+002
  1.4025299e+003  7.2766949e+002
  1.4028013e+003  7.0116949e+002
  1.4030743e+003  7.5718250e+002
  1.4033457e+003  7.3668250e+002
  1.4036171e+003  7.4566949e+002
  1.4038900e+003  7.5468250e+002
  1.4041614e+003  7.2466949e+002
  1.4044327e+003  7.3148706e+002
  1.4047056e+003  7.5148706e+002
  1.4049769e+003  6.4648706e+002
  1.4052483e+003  7.1716949e+002
  1.4055197e+003  7.1248706e+002
  1.4057925e+003  7.5668250e+002
  1.4060638e+003  7.1148706e+002
  1.4063351e+003  7.3750000e+002
  1.4066080e+003  6.9048706e+002
  1.4068793e+003  7.6250000e+002
  1.4071505e+003  7.4600000e+002
  1.4074235e+003  7.2448706e+002
  1.4076947e+003  7.2048706e+002
  1.4079659e+003  7.5200000e+002
  1.4082372e+003  7.5468250e+002
  1.4085100e+003  7.0448706e+002
  1.4087813e+003  7.4168250e+002
  1.4090525e+003  7.3766949e+002
  1.4093253e+003  7.3566949e+002
  1.4095966e+003  7.4368250e+002
  1.4098678e+003  7.4166949e+002
  1.4101406e+003  7.4648706e+002
  1.4104119e+003  7.2716949e+002
  1.4106830e+003  7.4648706e+002
  1.4109542e+003  7.3868250e+002
  1.4112269e+003  7.7418250e+002
  1.4114982e+003  7.2166949e+002
  1.4117693e+003  7.3918250e+002
  1.4120421e+003  7.1848706e+002
  1.4123132e+003  7.4166949e+002
  1.4125844e+003  7.8218250e+002
  1.4128556e+003  7.5900000e+002
  1.4131283e+003  6.8948706e+002
  1.4133994e+003  7.0648706e+002
  1.4136705e+003  7.1448706e+002
  1.4139432e+003  6.9948706e+002
  1.4142144e+003  6.8216949e+002
  1.4144855e+003  7.3168250e+002
  1.4147566e+003  7.2450000e+002
  1.4150293e+003  6.9918250e+002
  1.4153003e+003  7.1968250e+002
  1.4155714e+003  7.3518250e+002
  1.4158441e+003  7.1568250e+002
  1.4161151e+003  7.4200000e+002
  1.4163862e+003  7.4718250e+002
  1.4166572e+003  7.2168250e+002
  1.4169299e+003  7.0750000e+002
  1.4172009e+003  7.1416949e+002
  1.4174720e+003  7.2168250e+002
  1.4177446e+003  7.4366949e+002
  1.4180156e+003  6.7048706e+002
  1.4182866e+003  7.0716949e+002
  1.4185576e+003  7.1550000e+002
  1.4188303e+003  6.8716949e+002
  1.4191013e+003  7.2966949e+002
  1.4193723e+003  6.9466949e+002
  1.4196448e+003  7.1748706e+002
  1.4199158e+003  7.2568250e+002
  1.4201868e+003  7.2116949e+002
  1.4204578e+003  7.0918250e+002
  1.4207303e+003  6.9700000e+002
  1.4210012e+003  7.2748706e+002
  1.4212722e+003  7.2968250e+002
  1.4215431e+003  6.8968250e+002
  1.4218157e+003  7.1248706e+002
  1.4220865e+003  7.3668250e+002
  1.4223575e+003  6.9466949e+002
  1.4226300e+003  7.0448706e+002
  1.4229009e+003  7.3148706e+002
  1.4231718e+003  7.4148706e+002
  1.4234427e+003  7.1348706e+002
  1.4237152e+003  6.9600000e+002
  1.4239861e+003  7.0318250e+002
  1.4242570e+003  6.7366949e+002
  1.4245278e+003  6.6548706e+002
  1.4248003e+003  6.8248706e+002
  1.4250712e+003  7.1568250e+002
  1.4253419e+003  7.4468250e+002
  1.4256144e+003  6.9568250e+002
  1.4258853e+003  7.1300000e+002
  1.4261560e+003  6.8448706e+002
  1.4264269e+003  7.1648706e+002
  1.4266993e+003  7.1968250e+002
  1.4269701e+003  7.1018250e+002
  1.4272410e+003  7.2350000e+002
  1.4275117e+003  7.4566949e+002
  1.4277841e+003  7.1248706e+002
  1.4280549e+003  6.9266949e+002
  1.4283257e+003  6.9550000e+002
  1.4285964e+003  7.2118250e+002
  1.4288688e+003  7.1148706e+002
  1.4291395e+003  6.8548706e+002
  1.4294103e+003  6.9368250e+002
  1.4296810e+003  6.7148706e+002
  1.4299534e+003  7.2548706e+002
  1.4302241e+003  7.0150000e+002
  1.4304949e+003  7.0916949e+002
  1.4307655e+003  7.2548706e+002
  1.4310378e+003  6.9648706e+002
  1.4313086e+003  6.8348706e+002
  1.4315792e+003  7.1868250e+002
  1.4318516e+003  7.0248706e+002
  1.4321222e+003  6.9148706e+002
  1.4323929e+003  7.1400000e+002
  1.4326636e+003  7.2250000e+002
  1.4329358e+003  7.2448706e+002
  1.4332065e+003  7.0066949e+002
  1.4334772e+003  6.7948706e+002
  1.4337478e+003  7.0668250e+002
  1.4340200e+003  7.1516949e+002
  1.4342906e+003  6.7048706e+002
  1.4345613e+003  7.2348706e+002
  1.4348319e+003  6.9868250e+002
  1.4351041e+003  7.1150000e+002
  1.4353748e+003  7.2000000e+002
  1.4356454e+003  7.1548706e+002
  1.4359159e+003  7.4900000e+002
  1.4361881e+003  7.0666949e+002
  1.4364587e+003  7.1548706e+002
  1.4367292e+003  7.2418250e+002
  1.4369999e+003  6.9718250e+002
  1.4372720e+003  7.4100000e+002
  1.4375426e+003  7.3368250e+002
  1.4378131e+003  7.1116949e+002
  1.4380837e+003  6.8948706e+002
  1.4383558e+003  7.1568250e+002
  1.4386263e+003  6.9368250e+002
  1.4388969e+003  7.1448706e+002
  1.4391674e+003  6.6448706e+002
  1.4394395e+003  7.3150000e+002
  1.4397100e+003  7.1848706e+002
  1.4399805e+003  6.9548706e+002
  1.4402510e+003  7.1216949e+002
  1.4405215e+003  6.8516949e+002
  1.4407936e+003  6.7950000e+002
  1.4410641e+003  7.3468250e+002
  1.4413345e+003  7.0166949e+002
  1.4416050e+003  7.1150000e+002
  1.4418770e+003  6.8668250e+002
  1.4421475e+003  7.1866949e+002
  1.4424178e+003  6.8300000e+002
  1.4426884e+003  7.3668250e+002
  1.4429603e+003  7.1300000e+002
  1.4432308e+003  7.0000000e+002
  1.4435012e+003  6.4848706e+002
  1.4437716e+003  7.2218250e+002
  1.4440436e+003  6.9448706e+002
  1.4443140e+003  6.8948706e+002
  1.4445844e+003  7.0168250e+002
  1.4448547e+003  6.8018250e+002
  1.4451267e+003  7.0648706e+002
  1.4453971e+003  7.1448706e+002
  1.4456675e+003  6.8248706e+002
  1.4459379e+003  7.1218250e+002
  1.4462083e+003  6.9568250e+002
  1.4464801e+003  7.0966949e+002
  1.4467505e+003  7.2448706e+002
  1.4470208e+003  6.7748706e+002
  1.4472911e+003  7.2718250e+002
  1.4475630e+003  6.6548706e+002
  1.4478334e+003  6.9866949e+002
  1.4481036e+003  7.4568250e+002
  1.4483740e+003  7.0516949e+002
  1.4486459e+003  6.9366949e+002
  1.4489161e+003  7.2448706e+002
  1.4491864e+003  6.8518250e+002
  1.4494567e+003  7.0916949e+002
  1.4497269e+003  7.0648706e+002
  1.4499988e+003  7.0968250e+002
