# saved from Soas buffer name file5_fit_lorentzian.dat
# original-file = /Users/christophe/Dropbox/Private folder/QSoasExampleFiles/file5.txt
# commands = mfit-lorentzian 0 1 /number=4 /parameters=file4-file5.params

1320.09	702.197
1320.37	702.288
1320.64	702.38
1320.92	702.474
1321.19	702.569
1321.46	702.666
1321.74	702.765
1322.01	702.864
1322.29	702.965
1322.56	703.069
1322.83	703.173
1323.11	703.279
1323.38	703.387
1323.66	703.497
1323.93	703.608
1324.2	703.722
1324.48	703.837
1324.75	703.954
1325.03	704.073
1325.3	704.194
1325.57	704.317
1325.85	704.442
1326.12	704.57
1326.4	704.699
1326.67	704.831
1326.94	704.965
1327.22	705.101
1327.49	705.24
1327.76	705.381
1328.04	705.525
1328.31	705.671
1328.59	705.819
1328.86	705.971
1329.13	706.125
1329.41	706.283
1329.68	706.443
1329.96	706.606
1330.23	706.772
1330.5	706.941
1330.78	707.114
1331.05	707.289
1331.32	707.469
1331.6	707.651
1331.87	707.837
1332.15	708.027
1332.42	708.22
1332.69	708.418
1332.97	708.619
1333.24	708.825
1333.51	709.034
1333.79	709.249
1334.06	709.467
1334.33	709.689
1334.61	709.918
1334.88	710.15
1335.16	710.388
1335.43	710.63
1335.7	710.878
1335.98	711.132
1336.25	711.39
1336.52	711.656
1336.8	711.926
1337.07	712.204
1337.35	712.486
1337.62	712.776
1337.89	713.073
1338.17	713.376
1338.44	713.688
1338.71	714.006
1338.99	714.331
1339.26	714.667
1339.53	715.008
1339.81	715.361
1340.08	715.72
1340.36	716.09
1340.63	716.468
1340.9	716.856
1341.18	717.257
1341.45	717.666
1341.72	718.088
1342	718.52
1342.27	718.963
1342.54	719.422
1342.82	719.892
1343.09	720.378
1343.36	720.875
1343.64	721.388
1343.91	721.919
1344.18	722.463
1344.46	723.028
1344.73	723.607
1345	724.206
1345.28	724.827
1345.55	725.467
1345.82	726.131
1346.1	726.816
1346.37	727.525
1346.64	728.264
1346.92	729.026
1347.19	729.822
1347.46	730.645
1347.74	731.501
1348.01	732.397
1348.28	733.326
1348.56	734.302
1348.83	735.315
1349.1	736.375
1349.38	737.492
1349.65	738.658
1349.92	739.889
1350.2	741.178
1350.47	742.536
1350.74	743.979
1351.02	745.497
1351.29	747.112
1351.56	748.817
1351.84	750.628
1352.11	752.566
1352.38	754.615
1352.66	756.806
1352.93	759.121
1353.2	761.572
1353.48	764.174
1353.75	766.886
1354.02	769.704
1354.3	772.613
1354.57	775.534
1354.84	778.451
1355.11	781.266
1355.39	783.939
1355.66	786.435
1355.93	788.708
1356.21	790.786
1356.48	792.683
1356.75	794.471
1357.03	796.23
1357.3	798.015
1357.57	799.903
1357.85	801.961
1358.12	804.211
1358.39	806.707
1358.66	809.439
1358.94	812.434
1359.21	815.713
1359.48	819.233
1359.76	823.003
1360.03	827.034
1360.3	831.258
1360.58	835.705
1360.85	840.289
1361.12	845.011
1361.39	849.868
1361.67	854.775
1361.94	859.736
1362.21	864.766
1362.49	869.804
1362.76	874.918
1363.03	880.066
1363.3	885.314
1363.58	890.738
1363.85	896.324
1364.12	902.159
1364.4	908.329
1364.67	914.809
1364.94	921.723
1365.22	929.02
1365.49	936.763
1365.76	945.008
1366.03	953.66
1366.31	962.744
1366.58	972.28
1366.85	982.112
1367.13	992.28
1367.4	1002.59
1367.67	1013
1367.94	1023.47
1368.22	1033.77
1368.49	1043.86
1368.76	1053.71
1369.03	1063.13
1369.31	1072.13
1369.58	1080.76
1369.85	1088.92
1370.13	1096.77
1370.4	1104.28
1370.67	1111.58
1370.94	1118.83
1371.22	1126.03
1371.49	1133.31
1371.76	1140.77
1372.03	1148.39
1372.31	1156.23
1372.58	1164.34
1372.85	1172.59
1373.12	1180.98
1373.4	1189.46
1373.67	1197.86
1373.94	1206.14
1374.22	1214.08
1374.49	1221.56
1374.76	1228.47
1375.03	1234.59
1375.31	1239.78
1375.58	1243.94
1375.85	1246.88
1376.12	1248.51
1376.4	1248.75
1376.67	1247.53
1376.94	1244.83
1377.21	1240.62
1377.49	1234.99
1377.76	1227.97
1378.03	1219.61
1378.3	1210.1
1378.58	1199.54
1378.85	1187.97
1379.12	1175.7
1379.4	1162.7
1379.67	1149.29
1379.94	1135.53
1380.21	1121.45
1380.48	1107.35
1380.76	1093.23
1381.03	1079.12
1381.3	1065.26
1381.57	1051.63
1381.85	1038.21
1382.12	1025.2
1382.39	1012.56
1382.66	1000.24
1382.94	988.408
1383.21	976.994
1383.48	965.95
1383.75	955.397
1384.03	945.276
1384.3	935.517
1384.57	926.236
1384.84	917.354
1385.12	908.812
1385.39	900.705
1385.66	892.959
1385.93	885.521
1386.2	878.464
1386.48	871.73
1386.75	865.263
1387.02	859.132
1387.29	853.28
1387.57	847.66
1387.84	842.329
1388.11	837.239
1388.38	832.349
1388.66	827.705
1388.93	823.268
1389.2	819.003
1389.47	814.949
1389.74	811.07
1390.02	807.341
1390.29	803.79
1390.56	800.391
1390.83	797.117
1391.11	793.998
1391.38	791.009
1391.65	788.126
1391.92	785.376
1392.19	782.738
1392.47	780.19
1392.74	777.757
1393.01	775.421
1393.28	773.174
1393.55	771.002
1393.83	768.925
1394.1	766.926
1394.37	764.992
1394.64	763.139
1394.91	761.355
1395.19	759.625
1395.46	757.967
1395.73	756.368
1396	754.818
1396.28	753.329
1396.55	751.893
1396.82	750.497
1397.09	749.157
1397.36	747.862
1397.64	746.602
1397.91	745.391
1398.18	744.22
1398.45	743.081
1398.72	741.984
1398.99	740.922
1399.27	739.894
1399.54	738.891
1399.81	737.927
1400.08	736.991
1400.36	736.078
1400.63	735.198
1400.9	734.344
1401.17	733.511
1401.44	732.706
1401.71	731.926
1401.99	731.162
1402.26	730.426
1402.53	729.71
1402.8	729.014
1403.07	728.334
1403.35	727.676
1403.62	727.036
1403.89	726.41
1404.16	725.805
1404.43	725.215
1404.71	724.638
1404.98	724.079
1405.25	723.535
1405.52	723.005
1405.79	722.485
1406.06	721.982
1406.34	721.491
1406.61	721.01
1406.88	720.543
1407.15	720.088
1407.42	719.641
1407.69	719.208
1407.97	718.786
1408.24	718.373
1408.51	717.968
1408.78	717.574
1409.05	717.19
1409.33	716.813
1409.6	716.446
1409.87	716.088
1410.14	715.736
1410.41	715.393
1410.68	715.059
1410.95	714.732
1411.23	714.41
1411.5	714.097
1411.77	713.791
1412.04	713.49
1412.31	713.197
1412.58	712.91
1412.86	712.629
1413.13	712.353
1413.4	712.084
1413.67	711.82
1413.94	711.56
1414.21	711.308
1414.49	711.06
1414.76	710.817
1415.03	710.578
1415.3	710.345
1415.57	710.117
1415.84	709.891
1416.12	709.672
1416.39	709.457
1416.66	709.245
1416.93	709.037
1417.2	708.834
1417.47	708.635
1417.74	708.438
1418.02	708.246
1418.29	708.058
1418.56	707.873
1418.83	707.691
1419.1	707.513
1419.37	707.338
1419.64	707.165
1419.92	706.996
1420.19	706.831
1420.46	706.668
1420.73	706.508
1421	706.351
1421.27	706.196
1421.54	706.045
1421.82	705.895
1422.09	705.749
1422.36	705.605
1422.63	705.462
1422.9	705.323
1423.17	705.187
1423.44	705.052
1423.72	704.919
1423.99	704.789
1424.26	704.661
1424.53	704.536
1424.8	704.411
1425.07	704.289
1425.34	704.17
1425.61	704.051
1425.89	703.935
1426.16	703.821
1426.43	703.709
1426.7	703.597
1426.97	703.488
1427.24	703.381
1427.51	703.276
1427.78	703.171
1428.05	703.069
1428.33	702.968
1428.6	702.869
1428.87	702.771
1429.14	702.674
1429.41	702.579
1429.68	702.486
1429.95	702.393
1430.22	702.303
1430.49	702.213
1430.77	702.125
1431.04	702.038
1431.31	701.952
1431.58	701.868
1431.85	701.784
1432.12	701.702
1432.39	701.622
1432.66	701.542
1432.94	701.463
1433.21	701.385
1433.48	701.309
1433.75	701.234
1434.02	701.159
1434.29	701.086
1434.56	701.013
1434.83	700.942
1435.1	700.871
1435.37	700.802
1435.65	700.734
1435.92	700.666
1436.19	700.599
1436.46	700.533
1436.73	700.468
1437	700.404
1437.27	700.341
1437.54	700.278
1437.81	700.217
1438.08	700.156
1438.36	700.096
1438.63	700.036
1438.9	699.978
1439.17	699.92
1439.44	699.863
1439.71	699.807
1439.98	699.751
1440.25	699.696
1440.52	699.642
1440.79	699.588
1441.06	699.535
1441.33	699.483
1441.61	699.431
1441.88	699.38
1442.15	699.329
1442.42	699.28
1442.69	699.231
1442.96	699.182
1443.23	699.134
1443.5	699.086
1443.77	699.039
1444.04	698.993
1444.31	698.947
1444.58	698.902
1444.85	698.857
1445.13	698.813
1445.4	698.769
1445.67	698.726
1445.94	698.683
1446.21	698.641
1446.48	698.599
1446.75	698.558
1447.02	698.517
1447.29	698.477
1447.56	698.436
1447.83	698.397
1448.1	698.358
1448.37	698.32
1448.65	698.281
1448.92	698.243
1449.19	698.206
1449.46	698.169
1449.73	698.133
1450	698.096
