  1.3199116e+003  5.4250000e+002
  1.3201849e+003  5.2195874e+002
  1.3204598e+003  5.4125854e+002
  1.3207333e+003  5.4575854e+002
  1.3210082e+003  5.4595874e+002
  1.3212815e+003  5.4621722e+002
  1.3215564e+003  5.3775854e+002
  1.3218297e+003  5.5750000e+002
  1.3221046e+003  5.3475854e+002
  1.3223779e+003  5.3825854e+002
  1.3226528e+003  5.3525854e+002
  1.3229261e+003  5.6471722e+002
  1.3232010e+003  5.4025854e+002
  1.3234742e+003  5.2975854e+002
  1.3237491e+003  5.4295874e+002
  1.3240225e+003  5.3921722e+002
  1.3242972e+003  5.1025851e+002
  1.3245706e+003  5.4121722e+002
  1.3248438e+003  5.2275854e+002
  1.3251187e+003  5.3225854e+002
  1.3253918e+003  5.4725854e+002
  1.3256666e+003  5.3571722e+002
  1.3259399e+003  5.3395874e+002
  1.3262147e+003  5.5400000e+002
  1.3264879e+003  5.5450000e+002
  1.3267627e+003  5.4400000e+002
  1.3270359e+003  5.4421722e+002
  1.3273107e+003  5.3225854e+002
  1.3275839e+003  5.1795874e+002
  1.3278586e+003  5.4350000e+002
  1.3281318e+003  5.5121722e+002
  1.3284066e+003  5.0521725e+002
  1.3286797e+003  4.9725854e+002
  1.3289529e+003  5.1675854e+002
  1.3292277e+003  5.3575854e+002
  1.3295007e+003  5.3300000e+002
  1.3297755e+003  5.1975854e+002
  1.3300486e+003  5.2625854e+002
  1.3303232e+003  5.4571722e+002
  1.3305964e+003  5.0871725e+002
  1.3308711e+003  5.0925851e+002
  1.3311442e+003  5.1471729e+002
  1.3314189e+003  5.2571729e+002
  1.3316920e+003  5.3475854e+002
  1.3319667e+003  5.1925854e+002
  1.3322397e+003  5.1800000e+002
  1.3325128e+003  5.3571729e+002
  1.3327875e+003  5.3575854e+002
  1.3330604e+003  5.2325854e+002
  1.3333351e+003  5.3350000e+002
  1.3336082e+003  5.1975854e+002
  1.3338828e+003  5.4550000e+002
  1.3341558e+003  5.0095874e+002
  1.3344304e+003  5.5121722e+002
  1.3347034e+003  5.5495874e+002
  1.3349780e+003  4.8971725e+002
  1.3352510e+003  5.1800000e+002
  1.3355240e+003  5.4721722e+002
  1.3357986e+003  5.1225854e+002
  1.3360715e+003  5.4321722e+002
  1.3363462e+003  4.9225854e+002
  1.3366191e+003  5.0095874e+002
  1.3368937e+003  5.5025854e+002
  1.3371666e+003  4.8795874e+002
  1.3374412e+003  5.3325854e+002
  1.3377141e+003  5.3875854e+002
  1.3379886e+003  5.4750000e+002
  1.3382616e+003  5.0395874e+002
  1.3385344e+003  5.3271722e+002
  1.3388090e+003  5.3875854e+002
  1.3390819e+003  5.3225854e+002
  1.3393563e+003  5.2495874e+002
  1.3396293e+003  5.3495874e+002
  1.3399037e+003  5.0125851e+002
  1.3401766e+003  5.4850000e+002
  1.3404510e+003  5.5721722e+002
  1.3407240e+003  5.0621725e+002
  1.3409968e+003  5.5075854e+002
  1.3412712e+003  5.7425854e+002
  1.3415441e+003  5.4975854e+002
  1.3418186e+003  5.3075854e+002
  1.3420914e+003  5.6395874e+002
  1.3423658e+003  5.2595874e+002
  1.3426387e+003  5.3195874e+002
  1.3429131e+003  5.4200000e+002
  1.3431858e+003  5.3295874e+002
  1.3434586e+003  5.3195874e+002
  1.3437330e+003  5.7650000e+002
  1.3440059e+003  5.4175854e+002
  1.3442802e+003  5.2325854e+002
  1.3445530e+003  5.4471722e+002
  1.3448274e+003  5.6921722e+002
  1.3451001e+003  5.4271722e+002
  1.3453728e+003  5.5925854e+002
  1.3456472e+003  5.6521722e+002
  1.3459199e+003  5.7825854e+002
  1.3461943e+003  5.6695874e+002
  1.3464670e+003  5.9125854e+002
  1.3467413e+003  5.4995874e+002
  1.3470140e+003  5.6475854e+002
  1.3472867e+003  5.6550000e+002
  1.3475610e+003  5.7621722e+002
  1.3478337e+003  5.6921722e+002
  1.3481080e+003  5.7450000e+002
  1.3483807e+003  5.7295874e+002
  1.3486550e+003  5.6225854e+002
  1.3489276e+003  5.6875854e+002
  1.3492003e+003  6.1195874e+002
  1.3494746e+003  5.8500000e+002
  1.3497472e+003  5.7395874e+002
  1.3500215e+003  5.8775854e+002
  1.3502941e+003  6.2521722e+002
  1.3505684e+003  5.9895874e+002
  1.3508409e+003  5.8200000e+002
  1.3511135e+003  5.6595874e+002
  1.3513878e+003  5.7425854e+002
  1.3516604e+003  5.8875854e+002
  1.3519346e+003  6.2995874e+002
  1.3522072e+003  6.0250000e+002
  1.3524813e+003  6.1350000e+002
  1.3527539e+003  6.3500000e+002
  1.3530265e+003  6.2271722e+002
  1.3533007e+003  6.1495874e+002
  1.3535732e+003  6.2175854e+002
  1.3538474e+003  6.1075854e+002
  1.3541199e+003  6.3125854e+002
  1.3543940e+003  6.6200000e+002
  1.3546666e+003  6.4500000e+002
  1.3549391e+003  6.7475854e+002
  1.3552133e+003  6.3795874e+002
  1.3554857e+003  6.5795874e+002
  1.3557599e+003  6.5271722e+002
  1.3560323e+003  6.7675854e+002
  1.3563064e+003  6.6800000e+002
  1.3565790e+003  6.8450000e+002
  1.3568514e+003  6.9671722e+002
  1.3571255e+003  6.4025854e+002
  1.3573979e+003  6.4225854e+002
  1.3576720e+003  6.7750000e+002
  1.3579445e+003  6.6095874e+002
  1.3582169e+003  7.1175854e+002
  1.3584910e+003  6.5695874e+002
  1.3587634e+003  6.9395874e+002
  1.3590374e+003  6.8725854e+002
  1.3593098e+003  7.0421722e+002
  1.3595823e+003  6.6575854e+002
  1.3598562e+003  7.1650000e+002
  1.3601287e+003  6.9225854e+002
  1.3604026e+003  6.9525854e+002
  1.3606750e+003  7.1995874e+002
  1.3609490e+003  7.3395874e+002
  1.3612214e+003  6.8300000e+002
  1.3614938e+003  6.9595874e+002
  1.3617677e+003  7.3725854e+002
  1.3620400e+003  7.1595874e+002
  1.3623140e+003  7.5425854e+002
  1.3625863e+003  7.2875854e+002
  1.3628586e+003  7.2250000e+002
  1.3631326e+003  7.4650000e+002
  1.3634049e+003  7.3895874e+002
  1.3636788e+003  7.3425854e+002
  1.3639512e+003  7.2400000e+002
  1.3642235e+003  7.0525854e+002
  1.3644973e+003  7.2950000e+002
  1.3647697e+003  7.3575854e+002
  1.3650436e+003  7.4600000e+002
  1.3653158e+003  7.5575854e+002
  1.3655881e+003  7.5600000e+002
  1.3658619e+003  7.3875854e+002
  1.3661342e+003  7.3900000e+002
  1.3664081e+003  7.3350000e+002
  1.3666803e+003  6.9795874e+002
  1.3669525e+003  7.5050000e+002
  1.3672263e+003  7.6850000e+002
  1.3674987e+003  7.4800000e+002
  1.3677725e+003  7.6200000e+002
  1.3680447e+003  7.9900000e+002
  1.3683169e+003  6.9995874e+002
  1.3685906e+003  7.1350000e+002
  1.3688628e+003  7.7350000e+002
  1.3691366e+003  8.1295874e+002
  1.3694088e+003  7.7325854e+002
  1.3696809e+003  7.8650000e+002
  1.3699547e+003  8.1375854e+002
  1.3702269e+003  7.7795874e+002
  1.3705006e+003  8.0050000e+002
  1.3707728e+003  8.0950000e+002
  1.3710449e+003  8.4525854e+002
  1.3713186e+003  8.0650000e+002
  1.3715908e+003  8.4550000e+002
  1.3718645e+003  8.6150000e+002
  1.3721366e+003  8.2700000e+002
  1.3724087e+003  8.3350000e+002
  1.3726824e+003  8.2550000e+002
  1.3729545e+003  8.5350000e+002
  1.3732283e+003  8.7000000e+002
  1.3735002e+003  8.7800000e+002
  1.3737723e+003  9.2050000e+002
  1.3740460e+003  9.0975854e+002
  1.3743181e+003  8.9650000e+002
  1.3745902e+003  9.1700000e+002
  1.3748638e+003  9.2025854e+002
  1.3751359e+003  9.1225854e+002
  1.3754094e+003  9.3450000e+002
  1.3756815e+003  9.2450000e+002
  1.3759535e+003  9.0650000e+002
  1.3762272e+003  9.1400000e+002
  1.3764991e+003  9.4750000e+002
  1.3767727e+003  9.2095874e+002
  1.3770448e+003  9.0450000e+002
  1.3773168e+003  9.1895874e+002
  1.3775903e+003  8.9300000e+002
  1.3778623e+003  9.3600000e+002
  1.3781343e+003  9.4250000e+002
  1.3784078e+003  8.9100000e+002
  1.3786798e+003  8.6400000e+002
  1.3789534e+003  8.9900000e+002
  1.3792253e+003  9.0995874e+002
  1.3794972e+003  8.5850000e+002
  1.3797708e+003  9.0400000e+002
  1.3800427e+003  8.1650000e+002
  1.3803162e+003  8.6650000e+002
  1.3805881e+003  8.1650000e+002
  1.3808600e+003  8.1895874e+002
  1.3811335e+003  7.6750000e+002
  1.3814054e+003  7.9550000e+002
  1.3816774e+003  7.8350000e+002
  1.3819508e+003  7.9550000e+002
  1.3822227e+003  7.6450000e+002
  1.3824961e+003  7.3195874e+002
  1.3827679e+003  7.9150000e+002
  1.3830398e+003  7.1695874e+002
  1.3833132e+003  7.0695874e+002
  1.3835851e+003  7.2850000e+002
  1.3838569e+003  7.2575854e+002
  1.3841304e+003  6.9975854e+002
  1.3844022e+003  6.9350000e+002
  1.3846741e+003  7.1300000e+002
  1.3849474e+003  7.0475854e+002
  1.3852192e+003  6.8075854e+002
  1.3854927e+003  7.2200000e+002
  1.3857644e+003  6.6950000e+002
  1.3860363e+003  6.6175854e+002
  1.3863096e+003  6.4100000e+002
  1.3865813e+003  6.2395874e+002
  1.3868531e+003  6.5550000e+002
  1.3871265e+003  6.6575854e+002
  1.3873982e+003  6.2900000e+002
  1.3876715e+003  6.5395874e+002
  1.3879434e+003  6.5395874e+002
  1.3882151e+003  6.1271722e+002
  1.3884884e+003  6.3825854e+002
  1.3887601e+003  6.1650000e+002
  1.3890317e+003  5.8195874e+002
  1.3893051e+003  6.1300000e+002
  1.3895768e+003  6.1025854e+002
  1.3898485e+003  6.2295874e+002
  1.3901217e+003  5.7875854e+002
  1.3903934e+003  6.0225854e+002
  1.3906667e+003  6.1995874e+002
  1.3909384e+003  5.8721722e+002
  1.3912101e+003  6.2675854e+002
  1.3914833e+003  5.9075854e+002
  1.3917549e+003  5.9100000e+002
  1.3920266e+003  5.9395874e+002
  1.3922998e+003  5.9250000e+002
  1.3925714e+003  6.0475854e+002
  1.3928430e+003  5.7325854e+002
  1.3931162e+003  5.7675854e+002
  1.3933879e+003  5.7495874e+002
  1.3936595e+003  5.8475854e+002
  1.3939326e+003  5.5125854e+002
  1.3942042e+003  6.0725854e+002
  1.3944774e+003  5.4471722e+002
  1.3947490e+003  5.7125854e+002
  1.3950206e+003  5.7895874e+002
  1.3952937e+003  5.8171722e+002
  1.3955653e+003  5.6775854e+002
  1.3958369e+003  5.6095874e+002
  1.3961100e+003  5.6525854e+002
  1.3963815e+003  5.8125854e+002
  1.3966531e+003  5.6625854e+002
  1.3969261e+003  6.2025854e+002
  1.3971978e+003  5.8721722e+002
  1.3974692e+003  5.6095874e+002
  1.3977423e+003  5.6475854e+002
  1.3980138e+003  5.2995874e+002
  1.3982853e+003  5.8375854e+002
  1.3985583e+003  5.9025854e+002
  1.3988298e+003  5.7295874e+002
  1.3991013e+003  5.6421722e+002
  1.3993744e+003  5.6150000e+002
  1.3996459e+003  5.7425854e+002
  1.3999189e+003  5.8100000e+002
  1.4001903e+003  5.6525854e+002
  1.4004618e+003  5.9695874e+002
  1.4007349e+003  5.3095874e+002
  1.4010062e+003  5.5395874e+002
  1.4012777e+003  5.8925854e+002
  1.4015507e+003  5.3775854e+002
  1.4018220e+003  5.7295874e+002
  1.4020935e+003  5.5725854e+002
  1.4023665e+003  5.2795874e+002
  1.4026378e+003  5.2475854e+002
  1.4029093e+003  5.7625854e+002
  1.4031823e+003  5.3650000e+002
  1.4034536e+003  5.4771722e+002
  1.4037250e+003  5.4675854e+002
  1.4039979e+003  5.4995874e+002
  1.4042693e+003  5.7100000e+002
  1.4045405e+003  5.6700000e+002
  1.4048135e+003  5.6225854e+002
  1.4050848e+003  5.6525854e+002
  1.4053562e+003  5.3725854e+002
  1.4056290e+003  5.4595874e+002
  1.4059004e+003  5.7575854e+002
  1.4061718e+003  5.6725854e+002
  1.4064446e+003  5.4475854e+002
  1.4067158e+003  5.3250000e+002
  1.4069872e+003  5.4125854e+002
  1.4072600e+003  5.3971722e+002
  1.4075313e+003  5.4795874e+002
  1.4078026e+003  5.4025854e+002
  1.4080754e+003  5.3895874e+002
  1.4083467e+003  5.4495874e+002
  1.4086179e+003  5.5595874e+002
  1.4088907e+003  5.6225854e+002
  1.4091620e+003  5.1975854e+002
  1.4094332e+003  5.5895874e+002
  1.4097061e+003  5.5725854e+002
  1.4099773e+003  5.3295874e+002
  1.4102484e+003  5.6475854e+002
  1.4105212e+003  5.5250000e+002
  1.4107925e+003  5.4095874e+002
  1.4110636e+003  5.4775854e+002
  1.4113364e+003  5.4571722e+002
  1.4116075e+003  5.5525854e+002
  1.4118788e+003  5.2675854e+002
  1.4121515e+003  5.6371722e+002
  1.4124226e+003  5.2675854e+002
  1.4126938e+003  5.3395874e+002
  1.4129666e+003  5.2295874e+002
  1.4132377e+003  5.3821729e+002
  1.4135088e+003  5.4071722e+002
  1.4137815e+003  5.5821722e+002
  1.4140526e+003  5.3825854e+002
  1.4143237e+003  5.5475854e+002
  1.4145948e+003  5.6195874e+002
  1.4148676e+003  5.4025854e+002
  1.4151387e+003  5.4421722e+002
  1.4154098e+003  5.5425854e+002
  1.4156824e+003  5.0595874e+002
  1.4159535e+003  5.3271722e+002
  1.4162245e+003  5.6475854e+002
  1.4164972e+003  5.6125854e+002
  1.4167682e+003  5.5371722e+002
  1.4170393e+003  5.1975854e+002
  1.4173119e+003  5.0800000e+002
  1.4175830e+003  5.2500000e+002
  1.4178540e+003  5.4395874e+002
  1.4181266e+003  5.0471725e+002
  1.4183976e+003  5.4525854e+002
  1.4186686e+003  5.5275854e+002
  1.4189412e+003  5.0895874e+002
  1.4192122e+003  5.1675854e+002
  1.4194832e+003  5.2971729e+002
  1.4197542e+003  5.4525854e+002
  1.4200267e+003  5.3575854e+002
  1.4202977e+003  5.2795874e+002
  1.4205687e+003  5.3800000e+002
  1.4208412e+003  5.4350000e+002
  1.4211122e+003  5.2371722e+002
  1.4213831e+003  5.4000000e+002
  1.4216556e+003  5.0921725e+002
  1.4219265e+003  5.1471729e+002
  1.4221975e+003  5.3325854e+002
  1.4224700e+003  5.3575854e+002
  1.4227408e+003  5.4471722e+002
  1.4230118e+003  5.3121722e+002
  1.4232827e+003  5.3925854e+002
  1.4235552e+003  5.0695874e+002
  1.4238260e+003  5.1495874e+002
  1.4240969e+003  5.0095874e+002
  1.4243694e+003  5.0871725e+002
  1.4246403e+003  5.1395874e+002
  1.4249111e+003  5.5375854e+002
  1.4251836e+003  5.2175854e+002
  1.4254545e+003  5.3125854e+002
  1.4257252e+003  5.2375854e+002
  1.4259977e+003  5.4695874e+002
  1.4262686e+003  5.6595874e+002
  1.4265393e+003  5.4925854e+002
  1.4268102e+003  5.4900000e+002
  1.4270825e+003  5.5025854e+002
  1.4273534e+003  5.3695874e+002
  1.4276241e+003  5.2771722e+002
  1.4278965e+003  5.3171722e+002
  1.4281674e+003  5.4321722e+002
  1.4284381e+003  5.4495874e+002
  1.4287104e+003  5.4350000e+002
  1.4289812e+003  4.9495874e+002
  1.4292520e+003  5.2371722e+002
  1.4295227e+003  5.2871722e+002
  1.4297950e+003  5.3595874e+002
  1.4300658e+003  5.1295874e+002
  1.4303365e+003  5.0321725e+002
  1.4306088e+003  5.4425854e+002
  1.4308795e+003  5.1475854e+002
  1.4311503e+003  5.4721722e+002
  1.4314209e+003  5.0195874e+002
  1.4316932e+003  5.0125854e+002
  1.4319640e+003  5.4571722e+002
  1.4322346e+003  5.3295874e+002
  1.4325068e+003  5.3295874e+002
  1.4327776e+003  5.1095874e+002
  1.4330482e+003  5.4575854e+002
  1.4333188e+003  5.3150000e+002
  1.4335911e+003  5.4471722e+002
  1.4338618e+003  5.4071722e+002
  1.4341324e+003  5.1821729e+002
  1.4344047e+003  5.2771722e+002
  1.4346753e+003  5.5771722e+002
  1.4349459e+003  5.1725854e+002
  1.4352180e+003  5.1825854e+002
  1.4354886e+003  5.3425854e+002
  1.4357593e+003  5.3250000e+002
  1.4360299e+003  5.3475854e+002
  1.4363020e+003  5.5525854e+002
  1.4365726e+003  5.2571729e+002
  1.4368433e+003  5.4425854e+002
  1.4371138e+003  5.4400000e+002
  1.4373860e+003  5.2025854e+002
  1.4376565e+003  5.4425854e+002
  1.4379270e+003  5.5371722e+002
  1.4381992e+003  5.1521729e+002
  1.4384697e+003  5.1321729e+002
  1.4387402e+003  5.2795874e+002
  1.4390107e+003  5.1221729e+002
  1.4392828e+003  5.1371729e+002
  1.4395533e+003  5.5800000e+002
  1.4398239e+003  5.1550000e+002
  1.4400959e+003  5.2271729e+002
  1.4403665e+003  5.4625854e+002
  1.4406370e+003  5.4100000e+002
  1.4409075e+003  5.3671722e+002
  1.4411794e+003  4.9595874e+002
  1.4414500e+003  4.9695874e+002
  1.4417205e+003  5.3271722e+002
  1.4419908e+003  5.0425854e+002
  1.4422629e+003  5.1595874e+002
  1.4425333e+003  5.2825854e+002
  1.4428038e+003  5.3575854e+002
  1.4430758e+003  5.3125854e+002
  1.4433462e+003  5.4025854e+002
  1.4436166e+003  5.2321729e+002
  1.4438871e+003  5.6725854e+002
  1.4441591e+003  5.2795874e+002
  1.4444294e+003  5.2671729e+002
  1.4446998e+003  5.4321722e+002
  1.4449702e+003  5.2095874e+002
  1.4452422e+003  5.3271722e+002
  1.4455126e+003  5.0000000e+002
  1.4457830e+003  5.1695874e+002
  1.4460548e+003  5.4300000e+002
  1.4463252e+003  5.1095874e+002
  1.4465956e+003  5.1021725e+002
  1.4468658e+003  5.4295874e+002
  1.4471378e+003  5.3395874e+002
  1.4474081e+003  4.9571725e+002
  1.4476785e+003  5.2421722e+002
  1.4479487e+003  5.2295874e+002
  1.4482206e+003  4.9371725e+002
  1.4484910e+003  5.2325854e+002
  1.4487612e+003  5.4225854e+002
  1.4490315e+003  5.3975854e+002
  1.4493033e+003  5.3795874e+002
  1.4495736e+003  5.3750000e+002
  1.4498439e+003  5.0025851e+002
  1.4501157e+003  5.1095874e+002
