300	2.19161
301	2.10806
302	2.01057
303	1.93981
304	1.89054
305	1.82895
306	1.77549
307	1.72102
308	1.67962
309	1.64634
310	1.62038
311	1.59923
312	1.57664
313	1.55633
314	1.53863
315	1.53144
316	1.51657
317	1.50177
318	1.48775
319	1.48193
320	1.46961
321	1.4618
322	1.45346
323	1.44488
324	1.43932
325	1.43349
326	1.42515
327	1.41718
328	1.40988
329	1.40162
330	1.39281
331	1.38331
332	1.36922
333	1.35683
334	1.34039
335	1.32873
336	1.31632
337	1.30298
338	1.29053
339	1.27999
340	1.27208
341	1.2638
342	1.25624
343	1.24899
344	1.2421
345	1.23415
346	1.23044
347	1.22491
348	1.22258
349	1.21756
350	1.21505
351	1.2118
352	1.20618
353	1.20384
354	1.20107
355	1.19731
356	1.19415
357	1.18992
358	1.18579
359	1.18304
360	1.18299
361	1.17846
362	1.17691
363	1.17263
364	1.16998
365	1.16922
366	1.1678
367	1.167
368	1.16325
369	1.16285
370	1.16103
371	1.16123
372	1.15757
373	1.15744
374	1.1561
375	1.1542
376	1.151
377	1.14922
378	1.14299
379	1.14212
380	1.14289
381	1.14113
382	1.13997
383	1.13862
384	1.13592
385	1.13475
386	1.13568
387	1.13446
388	1.13253
389	1.13278
390	1.13286
391	1.13362
392	1.13252
393	1.13202
394	1.13427
395	1.12781
396	1.12859
397	1.12904
398	1.12764
399	1.12685
400	1.12481
401	1.12494
402	1.12197
403	1.12159
404	1.1198
405	1.11924
406	1.11714
407	1.11345
408	1.11374
409	1.11296
410	1.11036
411	1.10861
412	1.10902
413	1.10813
414	1.10844
415	1.10575
416	1.1054
417	1.10706
418	1.10683
419	1.10673
420	1.10612
421	1.1058
422	1.10499
423	1.10477
424	1.10502
425	1.10528
426	1.10415
427	1.10381
428	1.10511
429	1.10468
430	1.10494
431	1.10462
432	1.10439
433	1.10644
434	1.10596
435	1.10492
436	1.10612
437	1.10606
438	1.10675
439	1.10668
440	1.10687
441	1.10668
442	1.10658
443	1.1064
444	1.10718
445	1.10749
446	1.10857
447	1.10844
448	1.10778
449	1.10918
450	1.1088
451	1.11006
452	1.1106
453	1.11057
454	1.11054
455	1.11067
456	1.1087
457	1.10961
458	1.11189
459	1.10904
460	1.1109
461	1.1098
462	1.11099
463	1.10947
464	1.1102
465	1.1121
466	1.11143
467	1.10912
468	1.11081
469	1.10932
470	1.11105
471	1.11042
472	1.11031
473	1.11045
474	1.11212
475	1.11259
476	1.11273
477	1.11364
478	1.11313
479	1.11447
480	1.11567
481	1.11679
482	1.11994
483	1.12019
484	1.11849
485	1.11802
486	1.11951
487	1.12251
488	1.12101
489	1.11997
490	1.1232
491	1.12514
492	1.12426
493	1.12222
494	1.12302
495	1.12374
496	1.12628
497	1.1251
498	1.12398
499	1.12373
500	1.12495
501	1.12581
502	1.12787
503	1.12534
504	1.12574
505	1.12433
506	1.12491
507	1.12437
508	1.12359
509	1.12301
510	1.12232
511	1.1203
512	1.12075
513	1.12058
514	1.11986
515	1.1191
516	1.1186
517	1.11929
518	1.11759
519	1.1163
520	1.11621
521	1.11699
522	1.11846
523	1.11834
524	1.11966
525	1.11888
526	1.1194
527	1.12204
528	1.12441
529	1.12233
530	1.12219
531	1.12646
532	1.12918
533	1.13251
534	1.13236
535	1.13432
536	1.14007
537	1.14279
538	1.14335
539	1.14644
540	1.15088
541	1.15833
542	1.15949
543	1.16279
544	1.16705
545	1.17062
546	1.17704
547	1.18253
548	1.18764
549	1.19351
550	1.1993
551	1.20702
552	1.21155
553	1.21993
554	1.22493
555	1.23158
556	1.23911
557	1.24658
558	1.2519
559	1.25657
560	1.26531
561	1.27571
562	1.28154
563	1.28639
564	1.29361
565	1.30117
566	1.30897
567	1.32145
568	1.3244
569	1.33286
570	1.34558
571	1.34831
572	1.36258
573	1.37342
574	1.38106
575	1.39239
576	1.40451
577	1.41801
578	1.42747
579	1.44138
580	1.45905
581	1.46858
582	1.48663
583	1.50302
584	1.51646
585	1.53811
586	1.55531
587	1.57853
588	1.59544
589	1.61327
590	1.63252
591	1.65711
592	1.67448
593	1.691
594	1.7203
595	1.73896
596	1.76862
597	1.78567
598	1.81204
599	1.83064
600	1.85761
601	1.88504
602	1.89957
603	1.9216
604	1.94237
605	1.96144
606	1.96534
607	1.98774
608	1.98766
609	2.01751
610	2.0256
611	2.02763
612	2.03428
613	2.04075
614	2.04142
615	2.03407
616	2.03032
617	2.05266
618	2.03836
619	2.0431
620	2.05492
621	2.03325
622	2.04212
623	2.03232
624	2.03563
625	2.02089
626	2.03835
627	2.03809
628	2.02734
629	2.04424
630	2.04256
631	2.04846
632	2.07023
633	2.07436
634	2.06855
635	2.08701
636	2.11772
637	2.14149
638	2.17678
639	2.18362
640	2.17793
641	2.24291
642	2.23175
643	2.24358
644	2.28774
645	2.27491
646	2.33401
647	2.38589
648	2.33343
649	2.42532
650	2.48351
651	2.4861
652	2.46565
653	2.53023
654	2.51984
655	2.56027
656	2.61406
657	2.58489
658	2.57
659	2.62796
660	2.74741
661	2.709
662	2.77737
663	2.63745
664	2.66509
665	2.66542
666	2.63912
667	2.69681
668	2.65356
669	2.72056
670	2.6374
671	2.61611
672	2.48754
673	2.48897
674	2.47648
675	2.44471
676	2.29848
677	2.19185
678	2.17449
679	2.09054
680	2.0145
681	1.94623
682	1.89588
683	1.81951
684	1.75449
685	1.67427
686	1.62535
687	1.57529
688	1.52364
689	1.48276
690	1.43526
691	1.4012
692	1.36698
693	1.32727
694	1.29599
695	1.27109
696	1.25024
697	1.22506
698	1.20627
699	1.18587
700	1.17184
701	1.15646
702	1.14218
703	1.13303
704	1.12023
705	1.11137
706	1.10202
707	1.09572
708	1.08963
709	1.08431
710	1.0792
711	1.07596
712	1.07181
713	1.06862
714	1.06373
715	1.06312
716	1.06113
717	1.06266
718	1.06457
719	1.06725
720	1.07465
721	1.07817
722	1.08466
723	1.08762
724	1.09099
725	1.08958
726	1.08848
727	1.0861
728	1.08336
729	1.07916
730	1.07708
731	1.07236
732	1.06869
733	1.06716
734	1.06413
735	1.06407
736	1.05832
737	1.05598
738	1.05579
739	1.05395
740	1.05378
741	1.05233
742	1.05214
743	1.05021
744	1.0474
745	1.04904
746	1.04406
747	1.04433
748	1.04318
749	1.04134
750	1.04146
751	1.04332
752	1.04382
753	1.04157
754	1.03945
755	1.04028
756	1.03981
757	1.04123
758	1.04182
759	1.04256
760	1.0407
761	1.04211
762	1.04037
763	1.04096
764	1.0413
765	1.04238
766	1.04271
767	1.04287
768	1.04071
769	1.03963
770	1.04171
771	1.0421
772	1.04083
773	1.04239
774	1.03919
775	1.03968
776	1.04233
777	1.04236
778	1.04161
779	1.04474
780	1.04136
781	1.04018
782	1.04247
783	1.03697
784	1.04231
785	1.04419
786	1.04143
787	1.044
788	1.04365
789	1.04421
790	1.04579
791	1.04416
792	1.04198
793	1.0437
794	1.04285
795	1.04651
796	1.04516
797	1.04582
798	1.04294
799	1.04461
800	1.04397
