# saved from Soas buffer name 05_trimmed.dat
# age =	 116004367.697
# backend =	 text
# commands =	 strip-if x<580
# file_date =	 2017-01-19T22:46:55.872
# original_file =	 /home/vincent/Data/Meriem/150729/05.oxw

## x	y
580	-2.38037e-09
580.1	-3.14331e-09
580.2	-3.35693e-09
580.3	-2.71606e-09
580.4	-3.11279e-09
580.5	-3.60107e-09
580.6	-2.71606e-09
580.7	-2.96021e-09
580.8	-3.26538e-09
580.9	-3.96728e-09
581	-3.54004e-09
581.1	-1.95312e-09
581.2	-3.69263e-09
581.3	-4.24194e-09
581.4	-1.09863e-09
581.5	-3.72314e-09
581.6	-4.08936e-09
581.7	-2.59399e-09
581.8	-3.84521e-09
581.9	-3.32642e-09
582	-2.71606e-09
582.1	-3.63159e-09
582.2	-3.72314e-09
582.3	-2.99072e-09
582.4	-2.71606e-09
582.5	-7.26318e-09
582.6	-3.72314e-09
582.7	-2.04468e-09
582.8	-4.3335e-09
582.9	-4.02832e-09
583	-3.32642e-09
583.1	-3.02124e-09
583.2	-3.9978e-09
583.3	-3.14331e-09
583.4	-2.92969e-09
583.5	-3.57056e-09
583.6	-4.15039e-09
583.7	-3.50952e-09
583.8	-3.44849e-09
583.9	-4.05884e-09
584	-3.26538e-09
584.1	-3.57056e-09
584.2	-4.11987e-09
584.3	-2.92969e-09
584.4	-4.18091e-09
584.5	-6.80542e-09
584.6	-4.60815e-09
584.7	-2.65503e-09
584.8	-4.42505e-09
584.9	-3.08227e-09
585	-4.08936e-09
585.1	-3.32642e-09
585.2	-4.88281e-09
585.3	-2.68555e-09
585.4	-2.44141e-09
585.5	-3.41797e-09
585.6	-4.45557e-09
585.7	-4.88281e-09
585.8	-5.18799e-09
585.9	-2.59399e-09
586	-3.66211e-09
586.1	-4.05884e-09
586.2	-2.83813e-09
586.3	-4.79126e-09
586.4	-4.60815e-09
586.5	-3.02124e-09
586.6	-4.30298e-09
586.7	-5.06592e-09
586.8	-3.50952e-09
586.9	-4.5166e-09
587	-3.54004e-09
587.1	-4.76074e-09
587.2	-3.20435e-09
587.3	-4.39453e-09
587.4	-4.39453e-09
587.5	-3.63159e-09
587.6	-4.54712e-09
587.7	-4.15039e-09
587.8	-3.26538e-09
587.9	-3.8147e-09
588	-4.45557e-09
588.1	-5.58472e-09
588.2	-4.88281e-09
588.3	-1.61743e-09
588.4	-4.15039e-09
588.5	-4.88281e-09
588.6	-3.08227e-09
588.7	-4.21143e-09
588.8	-4.18091e-09
588.9	-4.15039e-09
589	-4.5166e-09
589.1	-2.53296e-09
589.2	-4.57764e-09
589.3	-4.76074e-09
589.4	-1.92261e-09
589.5	-2.7771e-09
589.6	-5.06592e-09
589.7	-2.50244e-09
589.8	-5.24902e-09
589.9	-7.2937e-09
590	-4.27246e-09
590.1	-4.39453e-09
590.2	-4.3335e-09
590.3	-3.479e-09
590.4	-2.7771e-09
590.5	-4.94385e-09
590.6	-4.5166e-09
590.7	-3.26538e-09
590.8	-3.87573e-09
590.9	-4.60815e-09
591	-4.15039e-09
591.1	-3.54004e-09
591.2	-5.12695e-09
591.3	-5.12695e-09
591.4	-3.23486e-09
591.5	-4.63867e-09
591.6	-3.75366e-09
591.7	-4.11987e-09
591.8	-5.31006e-09
591.9	-4.57764e-09
592	-4.11987e-09
592.1	-4.27246e-09
592.2	-3.2959e-09
592.3	-5.15747e-09
592.4	-5.18799e-09
592.5	-3.87573e-09
592.6	-3.93677e-09
592.7	-4.30298e-09
592.8	-4.42505e-09
592.9	-5.15747e-09
593	-4.63867e-09
593.1	-3.44849e-09
593.2	-4.21143e-09
593.3	-4.85229e-09
593.4	-4.36401e-09
593.5	-4.24194e-09
593.6	-4.79126e-09
593.7	-3.9978e-09
593.8	-3.66211e-09
593.9	-4.85229e-09
594	-4.57764e-09
594.1	-3.8147e-09
594.2	-4.76074e-09
594.3	-4.69971e-09
594.4	-3.9978e-09
594.5	-4.42505e-09
594.6	-4.73022e-09
594.7	-3.96728e-09
594.8	-4.3335e-09
594.9	-4.36401e-09
595	-4.42505e-09
595.1	-4.27246e-09
595.2	-4.73022e-09
595.3	-4.69971e-09
595.4	-4.02832e-09
595.5	-4.27246e-09
595.6	-4.66919e-09
595.7	-4.15039e-09
595.8	-4.45557e-09
595.9	-4.97437e-09
596	-4.08936e-09
596.1	-4.27246e-09
596.2	-4.66919e-09
596.3	-4.30298e-09
596.4	-4.24194e-09
596.5	-4.27246e-09
596.6	-4.76074e-09
596.7	-4.54712e-09
596.8	-4.05884e-09
596.9	-5.00488e-09
597	-4.85229e-09
597.1	-4.30298e-09
597.2	-4.45557e-09
597.3	-4.79126e-09
597.4	-4.45557e-09
597.5	-4.27246e-09
597.6	-4.76074e-09
597.7	-4.88281e-09
597.8	-4.21143e-09
597.9	-4.73022e-09
598	-4.69971e-09
598.1	-4.27246e-09
598.2	-4.97437e-09
598.3	-4.54712e-09
598.4	-4.5166e-09
598.5	-4.85229e-09
598.6	-4.57764e-09
598.7	-4.66919e-09
598.8	-4.57764e-09
598.9	-4.85229e-09
599	-4.5166e-09
599.1	-4.48608e-09
599.2	-5.09644e-09
599.3	-4.45557e-09
599.4	-3.96728e-09
599.5	-4.88281e-09
599.6	-4.82178e-09
599.7	-4.24194e-09
599.8	-4.85229e-09
599.9	-4.39453e-09
600	-4.15039e-09
600.1	-5.12695e-09
600.2	-5.52368e-09
600.3	-5.85938e-09
600.4	-5.95093e-09
600.5	-6.16455e-09
600.6	-6.80542e-09
600.7	-9.49097e-09
600.8	-1.16577e-08
600.9	-9.06372e-09
601	7.09839e-08
601.1	1.14441e-07
601.2	1.17188e-07
601.3	1.15753e-07
601.4	1.16791e-07
601.5	1.15967e-07
601.6	1.23352e-07
601.7	1.23383e-07
601.8	1.17737e-07
601.9	1.15906e-07
602	1.17126e-07
602.1	1.16486e-07
602.2	1.15082e-07
602.3	1.15692e-07
602.4	1.16303e-07
602.5	1.14105e-07
602.6	1.14746e-07
602.7	1.15997e-07
602.8	1.16089e-07
602.9	1.15295e-07
603	1.15936e-07
603.1	1.15692e-07
603.2	1.15478e-07
603.3	1.19019e-07
603.4	1.1087e-07
603.5	1.16943e-07
603.6	1.15387e-07
603.7	1.1557e-07
603.8	1.16211e-07
603.9	1.40259e-07
604	1.15021e-07
604.1	1.16028e-07
604.2	1.15692e-07
604.3	1.1557e-07
604.4	1.16363e-07
604.5	1.16882e-07
604.6	1.15814e-07
604.7	1.16821e-07
604.8	1.15845e-07
604.9	1.14227e-07
605	1.12579e-07
605.1	1.23505e-07
605.2	1.18713e-07
605.3	1.16058e-07
605.4	1.15662e-07
605.5	1.16089e-07
605.6	1.15082e-07
605.7	1.15631e-07
605.8	1.15143e-07
605.9	1.17615e-07
606	1.17035e-07
606.1	1.17126e-07
606.2	1.16119e-07
606.3	1.15997e-07
606.4	1.17859e-07
606.5	1.15723e-07
606.6	1.14624e-07
606.7	1.17676e-07
606.8	1.1441e-07
606.9	1.1499e-07
607	1.1676e-07
607.1	1.15997e-07
607.2	1.15478e-07
607.3	1.16028e-07
607.4	1.16547e-07
607.5	1.15478e-07
607.6	1.14899e-07
607.7	1.15967e-07
607.8	1.17126e-07
607.9	1.15326e-07
608	1.15692e-07
608.1	1.1676e-07
608.2	1.15814e-07
608.3	1.15814e-07
608.4	1.15997e-07
608.5	1.16486e-07
608.6	1.15692e-07
608.7	1.15234e-07
608.8	1.1673e-07
608.9	1.16455e-07
609	1.15448e-07
609.1	1.16211e-07
609.2	1.16547e-07
609.3	1.15082e-07
609.4	1.1557e-07
609.5	1.16638e-07
609.6	1.16272e-07
609.7	1.15051e-07
609.8	1.15814e-07
609.9	1.16608e-07
610	1.15601e-07
610.1	1.15326e-07
610.2	1.16363e-07
610.3	1.16211e-07
610.4	1.15723e-07
610.5	1.15814e-07
610.6	1.16547e-07
610.7	1.15692e-07
610.8	1.15417e-07
610.9	1.1618e-07
611	1.16211e-07
611.1	1.15478e-07
611.2	1.15662e-07
611.3	1.16333e-07
611.4	1.15906e-07
611.5	1.15387e-07
611.6	1.15814e-07
611.7	1.16058e-07
611.8	1.15906e-07
611.9	1.15448e-07
612	1.15936e-07
612.1	1.15875e-07
612.2	1.15356e-07
612.3	1.15875e-07
612.4	1.16333e-07
612.5	1.15662e-07
612.6	1.15784e-07
612.7	1.16119e-07
612.8	1.15875e-07
612.9	1.15631e-07
613	1.15784e-07
613.1	1.1615e-07
613.2	1.15875e-07
613.3	1.1554e-07
613.4	1.16028e-07
613.5	1.16028e-07
613.6	1.15662e-07
613.7	1.15845e-07
613.8	1.16089e-07
613.9	1.15875e-07
614	1.15662e-07
614.1	1.15997e-07
614.2	1.16028e-07
614.3	1.15784e-07
614.4	1.15387e-07
614.5	1.15204e-07
614.6	1.15784e-07
614.7	1.15662e-07
614.8	1.15601e-07
614.9	1.15906e-07
615	1.16119e-07
615.1	1.15601e-07
615.2	1.15509e-07
615.3	1.16089e-07
615.4	1.16028e-07
615.5	1.15601e-07
615.6	1.15784e-07
615.7	1.16058e-07
615.8	1.16028e-07
615.9	1.15875e-07
616	1.16028e-07
616.1	1.15936e-07
616.2	1.15723e-07
616.3	1.15662e-07
616.4	1.15997e-07
616.5	1.15936e-07
616.6	1.15845e-07
616.7	1.15845e-07
616.8	1.15997e-07
616.9	1.15784e-07
617	1.15631e-07
617.1	1.16089e-07
617.2	1.15936e-07
617.3	1.16028e-07
617.4	1.15906e-07
617.5	1.1615e-07
617.6	1.16058e-07
617.7	1.15784e-07
617.8	1.16058e-07
617.9	1.15967e-07
618	1.15906e-07
618.1	1.15784e-07
618.2	1.16119e-07
618.3	1.15936e-07
618.4	1.15875e-07
618.5	1.15997e-07
618.6	1.16333e-07
618.7	1.16058e-07
618.8	1.15967e-07
618.9	1.15936e-07
619	1.15875e-07
619.1	1.15753e-07
619.2	1.15936e-07
619.3	1.15967e-07
619.4	1.16242e-07
619.5	1.15875e-07
619.6	1.16058e-07
619.7	1.15906e-07
619.8	1.15967e-07
619.9	1.16119e-07
620	1.16089e-07
620.1	1.15936e-07
620.2	1.16119e-07
620.3	1.15936e-07
620.4	1.15997e-07
620.5	1.16119e-07
620.6	1.1615e-07
620.7	1.15784e-07
620.8	1.16089e-07
620.9	1.15906e-07
621	1.16058e-07
621.1	1.16119e-07
621.2	1.16119e-07
621.3	1.15967e-07
621.4	1.15997e-07
621.5	1.15997e-07
621.6	1.15936e-07
621.7	1.16028e-07
621.8	1.15845e-07
621.9	1.16242e-07
622	1.16089e-07
622.1	1.15967e-07
622.2	1.15997e-07
622.3	1.15967e-07
622.4	1.15936e-07
622.5	1.16028e-07
622.6	1.15967e-07
622.7	1.15936e-07
622.8	1.15997e-07
622.9	1.16242e-07
623	1.16242e-07
623.1	1.16119e-07
623.2	1.16028e-07
623.3	1.15967e-07
623.4	1.15997e-07
623.5	1.16058e-07
623.6	1.15845e-07
623.7	1.15814e-07
623.8	1.16119e-07
623.9	1.16028e-07
624	1.16058e-07
624.1	1.15997e-07
624.2	1.16058e-07
624.3	1.16058e-07
624.4	1.16211e-07
624.5	1.15997e-07
624.6	1.1618e-07
624.7	1.15875e-07
624.8	1.15936e-07
624.9	1.15784e-07
625	1.15936e-07
625.1	1.16119e-07
625.2	1.16058e-07
625.3	1.15906e-07
625.4	1.15906e-07
625.5	1.15997e-07
625.6	1.15936e-07
625.7	1.15875e-07
625.8	1.16089e-07
625.9	1.15997e-07
626	1.15906e-07
626.1	1.15906e-07
626.2	1.15906e-07
626.3	1.16089e-07
626.4	1.16058e-07
626.5	1.16028e-07
626.6	1.16089e-07
626.7	1.15997e-07
626.8	1.16058e-07
626.9	1.16089e-07
627	1.16058e-07
627.1	1.15906e-07
627.2	1.15814e-07
627.3	1.15875e-07
627.4	1.15967e-07
627.5	1.15784e-07
627.6	1.15906e-07
627.7	1.15906e-07
627.8	1.15845e-07
627.9	1.15784e-07
628	1.15875e-07
628.1	1.15997e-07
628.2	1.16089e-07
628.3	1.16303e-07
628.4	1.15967e-07
628.5	1.16058e-07
628.6	1.15936e-07
628.7	1.15967e-07
628.8	1.15906e-07
628.9	1.15814e-07
629	1.1615e-07
629.1	1.16058e-07
629.2	1.15936e-07
629.3	1.16058e-07
629.4	1.16058e-07
629.5	1.15997e-07
629.6	1.15875e-07
629.7	1.16089e-07
629.8	1.16028e-07
629.9	1.16119e-07
630	1.15845e-07
630.1	1.1618e-07
630.2	1.16211e-07
630.3	1.15936e-07
630.4	1.16333e-07
630.5	1.15936e-07
630.6	1.15967e-07
630.7	1.15906e-07
630.8	1.16028e-07
630.9	1.15845e-07
631	1.15997e-07
631.1	1.16119e-07
631.2	1.16089e-07
631.3	1.15906e-07
631.4	1.16058e-07
631.5	1.16028e-07
631.6	1.15753e-07
631.7	1.15997e-07
631.8	1.16058e-07
631.9	1.15967e-07
632	1.16028e-07
632.1	1.16119e-07
632.2	1.15967e-07
632.3	1.15967e-07
632.4	1.15906e-07
632.5	1.15967e-07
632.6	1.16089e-07
632.7	1.15967e-07
632.8	1.15997e-07
632.9	1.15906e-07
633	1.16058e-07
633.1	1.16028e-07
633.2	1.16058e-07
633.3	1.15845e-07
633.4	1.16028e-07
633.5	1.15875e-07
633.6	1.15967e-07
633.7	1.15997e-07
633.8	1.16119e-07
633.9	1.15997e-07
634	1.15967e-07
634.1	1.15936e-07
634.2	1.1615e-07
634.3	1.15967e-07
634.4	1.15845e-07
634.5	1.16028e-07
634.6	1.16211e-07
634.7	1.16028e-07
634.8	1.15936e-07
634.9	1.16211e-07
635	1.16089e-07
635.1	1.15997e-07
635.2	1.15845e-07
635.3	1.16058e-07
635.4	1.16333e-07
635.5	1.16089e-07
635.6	1.16028e-07
635.7	1.16058e-07
635.8	1.15936e-07
635.9	1.16089e-07
636	1.16242e-07
636.1	1.15997e-07
636.2	1.16089e-07
636.3	1.16028e-07
636.4	1.15967e-07
636.5	1.1615e-07
636.6	1.16058e-07
636.7	1.16272e-07
636.8	1.16089e-07
636.9	1.16058e-07
637	1.1618e-07
637.1	1.15997e-07
637.2	1.15784e-07
637.3	1.16089e-07
637.4	1.15967e-07
637.5	1.16089e-07
637.6	1.16119e-07
637.7	1.16119e-07
637.8	1.1615e-07
637.9	1.15875e-07
638	1.16058e-07
638.1	1.16028e-07
638.2	1.15997e-07
638.3	1.16028e-07
638.4	1.1618e-07
638.5	1.1615e-07
638.6	1.15906e-07
638.7	1.16119e-07
638.8	1.1618e-07
638.9	1.16058e-07
639	1.16058e-07
639.1	1.16119e-07
639.2	1.15997e-07
639.3	1.1615e-07
639.4	1.16058e-07
639.5	1.16242e-07
639.6	1.15906e-07
639.7	1.16272e-07
639.8	1.1615e-07
639.9	1.1618e-07
640	1.16058e-07
640.1	1.1615e-07
640.2	1.16089e-07
640.3	1.15845e-07
640.4	1.15967e-07
640.5	1.16119e-07
640.6	1.1615e-07
640.7	1.15875e-07
640.8	1.16119e-07
640.9	1.16119e-07
641	1.16028e-07
641.1	1.16089e-07
641.2	1.1615e-07
641.3	1.15875e-07
641.4	1.15997e-07
641.5	1.16211e-07
641.6	1.1615e-07
641.7	1.15967e-07
641.8	1.1618e-07
641.9	1.16242e-07
642	1.15997e-07
642.1	1.15936e-07
642.2	1.1618e-07
642.3	1.1618e-07
642.4	1.15967e-07
642.5	-1.57013e-07
642.6	1.15356e-07
642.7	1.15723e-07
642.8	1.15997e-07
642.9	1.16058e-07
643	1.16119e-07
643.1	1.16089e-07
643.2	1.1615e-07
643.3	1.16242e-07
643.4	1.1618e-07
643.5	1.16119e-07
643.6	1.1615e-07
643.7	1.16272e-07
643.8	1.15814e-07
643.9	1.15967e-07
644	1.1618e-07
644.1	1.16058e-07
644.2	1.16211e-07
644.3	1.16242e-07
644.4	1.1615e-07
644.5	1.16211e-07
644.6	1.16119e-07
644.7	1.16394e-07
644.8	1.16119e-07
644.9	1.16333e-07
645	1.1618e-07
645.1	1.16119e-07
645.2	1.15997e-07
645.3	1.16303e-07
645.4	1.16486e-07
645.5	1.16119e-07
645.6	1.16058e-07
645.7	1.16303e-07
645.8	1.1618e-07
645.9	1.16211e-07
646	1.1618e-07
646.1	1.16242e-07
646.2	1.16363e-07
646.3	1.16028e-07
646.4	1.16119e-07
646.5	1.16211e-07
646.6	1.1618e-07
646.7	1.16089e-07
646.8	1.16211e-07
646.9	1.16211e-07
647	1.16303e-07
647.1	1.1618e-07
647.2	1.16119e-07
647.3	1.15967e-07
647.4	1.16242e-07
647.5	1.16028e-07
647.6	1.16272e-07
647.7	1.16303e-07
647.8	1.16089e-07
647.9	1.16242e-07
648	1.16394e-07
648.1	1.15936e-07
648.2	1.16363e-07
648.3	1.16211e-07
648.4	1.1618e-07
648.5	1.16363e-07
648.6	1.16242e-07
648.7	1.1618e-07
648.8	1.1618e-07
648.9	1.16089e-07
649	1.15631e-07
649.1	1.15967e-07
649.2	1.16455e-07
649.3	1.15967e-07
649.4	1.1615e-07
649.5	1.16333e-07
649.6	1.16516e-07
649.7	1.15906e-07
649.8	1.16333e-07
649.9	1.16272e-07
650	1.1618e-07
650.1	1.16058e-07
650.2	1.16211e-07
650.3	1.16363e-07
650.4	1.16058e-07
650.5	1.16272e-07
650.6	1.16211e-07
650.7	1.16303e-07
650.8	1.16089e-07
650.9	1.16363e-07
651	1.16089e-07
651.1	1.16242e-07
651.2	1.16272e-07
651.3	1.16272e-07
651.4	1.16211e-07
651.5	1.16058e-07
651.6	1.16242e-07
651.7	1.16242e-07
651.8	1.15936e-07
651.9	1.16333e-07
652	1.16242e-07
652.1	1.16242e-07
652.2	1.16211e-07
652.3	1.16119e-07
652.4	1.16303e-07
652.5	1.16058e-07
652.6	1.16333e-07
652.7	1.16119e-07
652.8	1.1618e-07
652.9	1.16058e-07
653	1.16333e-07
653.1	1.16119e-07
653.2	1.1618e-07
653.3	1.16089e-07
653.4	1.16363e-07
653.5	1.16119e-07
653.6	1.16211e-07
653.7	1.16486e-07
653.8	1.1615e-07
653.9	1.1615e-07
654	1.16333e-07
654.1	1.16211e-07
654.2	1.16211e-07
654.3	1.16272e-07
654.4	1.16363e-07
654.5	1.16089e-07
654.6	1.16211e-07
654.7	1.16089e-07
654.8	1.16303e-07
654.9	1.16211e-07
655	1.16303e-07
655.1	1.16119e-07
655.2	1.16272e-07
655.3	1.16028e-07
655.4	1.16363e-07
655.5	1.16303e-07
655.6	1.16242e-07
655.7	1.16272e-07
655.8	1.16242e-07
655.9	1.1615e-07
656	1.1618e-07
656.1	1.1615e-07
656.2	1.15997e-07
656.3	1.16089e-07
656.4	1.16058e-07
656.5	1.16303e-07
656.6	1.15997e-07
656.7	1.16211e-07
656.8	1.16119e-07
656.9	1.16089e-07
657	1.15997e-07
657.1	1.16119e-07
657.2	1.16028e-07
657.3	1.16028e-07
657.4	1.16211e-07
657.5	1.16394e-07
657.6	1.16333e-07
657.7	1.16363e-07
657.8	1.1618e-07
657.9	1.16242e-07
658	1.16119e-07
658.1	1.1615e-07
658.2	1.16303e-07
658.3	1.16242e-07
658.4	1.16242e-07
658.5	1.1615e-07
658.6	1.1615e-07
658.7	1.16272e-07
658.8	1.16272e-07
658.9	1.16211e-07
659	1.1615e-07
659.1	1.16119e-07
659.2	1.16333e-07
659.3	1.1618e-07
659.4	1.16547e-07
659.5	1.16272e-07
659.6	1.16272e-07
659.7	1.16333e-07
659.8	1.16363e-07
659.9	1.16333e-07
660	1.16272e-07
660.1	1.1618e-07
660.2	1.16303e-07
660.3	1.16272e-07
660.4	1.16211e-07
660.5	1.16028e-07
660.6	1.16272e-07
660.7	1.16516e-07
660.8	1.16119e-07
660.9	1.16028e-07
661	1.16058e-07
661.1	1.1618e-07
661.2	1.16242e-07
661.3	1.16058e-07
661.4	1.16242e-07
661.5	1.16058e-07
661.6	1.16058e-07
661.7	1.16211e-07
661.8	1.16119e-07
661.9	1.16303e-07
662	1.16394e-07
662.1	1.16303e-07
662.2	1.16089e-07
662.3	1.16211e-07
662.4	1.16486e-07
662.5	1.16272e-07
662.6	1.16119e-07
662.7	1.1618e-07
662.8	1.1618e-07
662.9	1.16333e-07
663	1.15936e-07
663.1	1.1618e-07
663.2	1.16303e-07
663.3	1.16119e-07
663.4	1.16272e-07
663.5	1.15997e-07
663.6	1.16363e-07
663.7	1.16242e-07
663.8	1.1618e-07
663.9	1.1615e-07
664	1.16303e-07
664.1	1.16058e-07
664.2	1.16455e-07
664.3	1.16455e-07
664.4	1.16119e-07
664.5	1.16333e-07
664.6	1.16303e-07
664.7	1.16119e-07
664.8	1.16333e-07
664.9	1.16242e-07
665	1.16333e-07
665.1	1.16028e-07
665.2	1.16272e-07
665.3	1.16333e-07
665.4	1.16272e-07
665.5	1.16303e-07
665.6	1.16486e-07
665.7	1.15967e-07
665.8	1.16089e-07
665.9	1.16363e-07
666	1.16333e-07
666.1	1.16211e-07
666.2	1.16303e-07
666.3	1.16363e-07
666.4	1.1615e-07
666.5	1.1615e-07
666.6	1.16242e-07
666.7	1.1615e-07
666.8	1.16211e-07
666.9	1.16119e-07
667	1.16242e-07
667.1	1.16333e-07
667.2	1.16028e-07
667.3	1.16333e-07
667.4	1.16119e-07
667.5	1.16089e-07
667.6	1.16242e-07
667.7	1.16394e-07
667.8	1.16211e-07
667.9	1.15936e-07
668	1.16363e-07
668.1	1.16363e-07
668.2	1.1618e-07
668.3	1.16058e-07
668.4	1.16242e-07
668.5	1.16028e-07
668.6	1.15967e-07
668.7	1.16363e-07
668.8	1.1618e-07
668.9	1.15967e-07
669	1.16303e-07
669.1	1.16363e-07
669.2	1.15997e-07
669.3	1.16119e-07
669.4	1.16211e-07
669.5	1.16272e-07
669.6	1.16119e-07
669.7	1.16058e-07
669.8	1.16272e-07
669.9	1.16058e-07
670	1.16119e-07
670.1	1.16363e-07
670.2	1.16272e-07
670.3	1.15967e-07
670.4	1.1615e-07
670.5	1.16363e-07
670.6	1.16425e-07
670.7	1.16303e-07
670.8	1.16089e-07
670.9	1.16333e-07
671	1.1618e-07
671.1	1.16089e-07
671.2	1.15967e-07
671.3	1.16211e-07
671.4	1.16272e-07
671.5	1.16303e-07
671.6	1.16242e-07
671.7	1.16242e-07
671.8	1.16119e-07
671.9	1.16242e-07
672	1.16363e-07
672.1	1.16058e-07
672.2	1.16363e-07
672.3	1.16028e-07
672.4	1.16028e-07
672.5	1.16058e-07
672.6	1.16394e-07
672.7	1.16333e-07
672.8	1.16211e-07
672.9	1.16363e-07
673	1.16303e-07
673.1	1.16058e-07
673.2	1.16272e-07
673.3	1.1615e-07
673.4	1.16333e-07
673.5	1.15936e-07
673.6	1.1615e-07
673.7	1.16211e-07
673.8	1.16211e-07
673.9	1.16211e-07
674	1.1618e-07
674.1	1.16089e-07
674.2	1.16089e-07
674.3	1.16058e-07
674.4	1.16272e-07
674.5	1.16119e-07
674.6	1.16119e-07
674.7	1.16272e-07
674.8	1.15967e-07
674.9	1.16028e-07
675	1.16119e-07
675.1	1.16242e-07
675.2	1.16211e-07
675.3	1.1615e-07
675.4	1.1615e-07
675.5	1.16119e-07
675.6	1.16211e-07
675.7	1.15997e-07
675.8	1.1618e-07
675.9	1.1618e-07
676	1.1615e-07
676.1	1.1618e-07
676.2	1.15997e-07
676.3	1.16272e-07
676.4	1.16211e-07
676.5	1.1615e-07
676.6	1.16058e-07
676.7	1.15967e-07
676.8	1.16211e-07
676.9	1.1615e-07
677	1.16119e-07
677.1	1.16211e-07
677.2	1.16089e-07
677.3	1.1615e-07
677.4	1.15997e-07
677.5	1.1618e-07
677.6	1.1615e-07
677.7	1.16486e-07
677.8	1.16211e-07
677.9	1.16089e-07
678	1.1615e-07
678.1	1.15845e-07
678.2	1.16058e-07
678.3	1.1618e-07
678.4	1.16058e-07
678.5	1.16058e-07
678.6	1.1615e-07
678.7	1.16211e-07
678.8	1.16272e-07
678.9	1.1615e-07
679	1.16211e-07
679.1	1.16211e-07
679.2	1.16058e-07
679.3	1.16272e-07
679.4	1.16333e-07
679.5	1.16211e-07
679.6	1.1618e-07
679.7	1.1618e-07
679.8	1.16028e-07
679.9	1.16028e-07
680	1.1615e-07
680.1	1.16333e-07
680.2	1.16089e-07
680.3	1.1615e-07
680.4	1.1618e-07
680.5	1.15845e-07
680.6	1.16028e-07
680.7	1.15936e-07
680.8	1.16394e-07
680.9	1.16028e-07
681	1.16089e-07
681.1	1.16333e-07
681.2	1.16058e-07
681.3	1.15753e-07
681.4	1.16363e-07
681.5	1.1615e-07
681.6	1.16089e-07
681.7	1.16089e-07
681.8	1.16425e-07
681.9	1.15997e-07
682	1.16058e-07
682.1	1.16119e-07
682.2	1.16119e-07
682.3	1.16028e-07
682.4	1.16058e-07
682.5	1.16363e-07
682.6	1.16211e-07
682.7	1.15875e-07
682.8	1.16272e-07
682.9	1.16272e-07
683	1.16028e-07
683.1	1.15875e-07
683.2	1.16363e-07
683.3	1.16058e-07
683.4	1.15936e-07
683.5	1.1618e-07
683.6	1.16363e-07
683.7	1.16028e-07
683.8	1.16119e-07
683.9	1.1618e-07
684	1.16028e-07
684.1	1.15906e-07
684.2	1.16119e-07
684.3	1.16272e-07
684.4	1.15997e-07
684.5	1.15997e-07
684.6	1.16303e-07
684.7	1.15906e-07
684.8	1.15875e-07
684.9	1.15967e-07
685	1.16303e-07
685.1	1.16058e-07
685.2	1.1615e-07
685.3	1.16363e-07
685.4	1.16272e-07
685.5	1.15753e-07
685.6	1.1615e-07
685.7	1.16242e-07
685.8	1.15845e-07
685.9	1.16058e-07
686	1.16455e-07
686.1	1.16333e-07
686.2	1.15967e-07
686.3	1.16303e-07
686.4	1.16272e-07
686.5	1.15906e-07
686.6	1.16028e-07
686.7	1.16211e-07
686.8	1.1618e-07
686.9	1.16119e-07
687	1.1615e-07
687.1	1.16272e-07
687.2	1.16028e-07
687.3	1.16028e-07
687.4	1.16211e-07
687.5	1.16272e-07
687.6	1.1615e-07
687.7	1.1615e-07
687.8	1.16303e-07
687.9	1.16119e-07
688	1.1618e-07
688.1	1.16242e-07
688.2	1.16363e-07
688.3	1.15967e-07
688.4	1.16242e-07
688.5	1.16303e-07
688.6	1.16272e-07
688.7	1.15967e-07
688.8	1.16272e-07
688.9	1.1615e-07
689	1.15967e-07
689.1	1.16119e-07
689.2	1.16242e-07
689.3	1.1618e-07
689.4	1.15967e-07
689.5	1.16089e-07
689.6	1.16303e-07
689.7	1.15784e-07
689.8	1.16272e-07
689.9	1.16119e-07
690	1.1618e-07
690.1	1.16089e-07
690.2	1.16455e-07
690.3	1.16119e-07
690.4	1.15997e-07
690.5	1.16211e-07
690.6	1.16242e-07
690.7	1.16089e-07
690.8	1.15997e-07
690.9	1.1618e-07
691	1.16242e-07
691.1	1.16089e-07
691.2	1.15906e-07
691.3	1.16272e-07
691.4	1.15997e-07
691.5	1.15875e-07
691.6	1.16394e-07
691.7	1.16089e-07
691.8	1.15601e-07
691.9	1.16028e-07
692	1.16363e-07
692.1	1.15997e-07
692.2	1.15906e-07
692.3	1.16211e-07
692.4	1.16028e-07
692.5	1.15723e-07
692.6	1.1615e-07
692.7	1.16363e-07
692.8	1.15845e-07
692.9	1.15967e-07
693	1.16272e-07
693.1	1.16089e-07
693.2	1.15936e-07
693.3	1.1618e-07
693.4	1.15906e-07
693.5	1.15936e-07
693.6	1.15936e-07
693.7	1.16303e-07
693.8	1.16089e-07
693.9	1.15784e-07
694	1.16089e-07
694.1	1.16119e-07
694.2	1.15936e-07
694.3	1.15845e-07
694.4	1.16089e-07
694.5	1.15997e-07
694.6	1.15845e-07
694.7	1.15906e-07
694.8	1.16119e-07
694.9	1.16119e-07
695	1.15814e-07
695.1	1.16119e-07
695.2	1.1615e-07
695.3	1.16028e-07
695.4	1.16119e-07
695.5	1.16119e-07
695.6	1.15967e-07
695.7	1.15936e-07
695.8	1.16058e-07
695.9	1.16211e-07
696	1.16242e-07
696.1	1.15967e-07
696.2	1.16028e-07
696.3	1.16028e-07
696.4	1.15784e-07
696.5	1.16119e-07
696.6	1.15967e-07
696.7	1.15967e-07
696.8	1.15875e-07
696.9	1.1618e-07
697	1.16028e-07
697.1	1.15906e-07
697.2	1.15906e-07
697.3	1.16058e-07
697.4	1.15814e-07
697.5	1.16028e-07
697.6	1.16028e-07
697.7	1.15906e-07
697.8	1.15631e-07
697.9	1.15997e-07
698	1.16028e-07
698.1	1.15723e-07
698.2	1.15875e-07
698.3	1.16119e-07
698.4	1.15875e-07
698.5	1.1557e-07
698.6	1.15906e-07
698.7	1.15967e-07
698.8	1.15753e-07
698.9	1.1557e-07
699	1.15906e-07
699.1	1.16028e-07
699.2	1.15814e-07
699.3	1.15875e-07
699.4	1.15997e-07
699.5	1.1557e-07
699.6	1.15753e-07
699.7	1.15814e-07
699.8	1.15845e-07
699.9	1.15631e-07
700	1.15723e-07
700.1	1.15845e-07
700.2	1.15631e-07
700.3	1.15631e-07
700.4	1.15875e-07
700.5	1.15845e-07
700.6	1.15631e-07
700.7	1.15662e-07
700.8	1.15875e-07
700.9	1.15631e-07
701	1.1554e-07
701.1	1.15723e-07
701.2	1.15662e-07
701.3	1.15662e-07
701.4	1.15753e-07
701.5	1.15601e-07
701.6	1.15509e-07
701.7	1.15448e-07
701.8	1.15631e-07
701.9	1.15478e-07
702	1.15478e-07
702.1	1.1557e-07
702.2	1.1554e-07
702.3	1.15356e-07
702.4	1.15601e-07
702.5	1.15662e-07
702.6	1.1554e-07
702.7	1.15356e-07
702.8	1.15631e-07
702.9	1.15631e-07
703	1.15326e-07
703.1	1.1557e-07
703.2	1.15509e-07
703.3	1.15509e-07
703.4	1.15204e-07
703.5	1.15478e-07
703.6	1.15631e-07
703.7	1.15265e-07
703.8	1.15448e-07
703.9	1.15662e-07
704	1.1557e-07
704.1	1.15265e-07
704.2	1.15356e-07
704.3	1.15478e-07
704.4	1.15173e-07
704.5	1.15387e-07
704.6	1.15509e-07
704.7	1.15356e-07
704.8	1.15204e-07
704.9	1.15509e-07
705	1.15631e-07
705.1	1.15173e-07
705.2	1.15417e-07
705.3	1.15509e-07
705.4	1.15387e-07
705.5	1.15143e-07
705.6	1.15448e-07
705.7	1.15448e-07
705.8	1.15234e-07
705.9	1.15387e-07
706	1.15692e-07
706.1	1.15234e-07
706.2	1.15082e-07
706.3	1.15204e-07
706.4	1.15234e-07
706.5	1.15021e-07
706.6	1.15112e-07
706.7	1.15723e-07
706.8	1.15112e-07
706.9	1.14807e-07
707	1.15387e-07
707.1	1.15326e-07
707.2	1.14868e-07
707.3	1.1499e-07
707.4	1.15478e-07
707.5	1.15234e-07
707.6	1.14929e-07
707.7	1.15295e-07
707.8	1.15051e-07
707.9	1.1496e-07
708	1.15112e-07
708.1	1.15356e-07
708.2	1.15082e-07
708.3	1.14868e-07
708.4	1.15173e-07
708.5	1.15326e-07
708.6	1.15051e-07
708.7	1.15173e-07
708.8	1.15143e-07
708.9	1.14929e-07
709	1.15112e-07
709.1	1.15204e-07
709.2	1.15204e-07
709.3	1.1496e-07
709.4	1.1496e-07
709.5	1.15112e-07
709.6	1.15082e-07
709.7	1.14777e-07
709.8	1.14899e-07
709.9	1.15082e-07
710	1.14716e-07
710.1	1.14899e-07
710.2	1.15234e-07
710.3	1.14807e-07
710.4	1.14929e-07
710.5	1.14929e-07
710.6	1.15082e-07
710.7	1.14838e-07
710.8	1.14899e-07
710.9	1.15021e-07
711	1.14807e-07
711.1	1.14532e-07
711.2	1.14838e-07
711.3	1.14899e-07
711.4	1.14655e-07
711.5	1.14563e-07
711.6	1.14899e-07
711.7	1.1496e-07
711.8	1.14746e-07
711.9	1.14777e-07
712	1.14868e-07
712.1	1.14746e-07
712.2	1.14746e-07
712.3	1.14593e-07
712.4	1.14655e-07
712.5	1.14532e-07
712.6	1.14624e-07
712.7	1.14838e-07
712.8	1.14441e-07
712.9	1.14624e-07
713	1.14532e-07
713.1	1.14502e-07
713.2	1.14441e-07
713.3	1.14655e-07
713.4	1.14593e-07
713.5	1.1441e-07
713.6	1.14349e-07
713.7	1.14593e-07
713.8	1.14563e-07
713.9	1.1441e-07
714	1.14563e-07
714.1	1.14258e-07
714.2	1.14075e-07
714.3	1.14563e-07
714.4	1.14502e-07
714.5	1.14349e-07
714.6	1.14044e-07
714.7	1.14288e-07
714.8	1.14349e-07
714.9	1.13953e-07
715	1.14288e-07
715.1	1.1441e-07
715.2	1.14319e-07
715.3	1.14166e-07
715.4	1.14349e-07
715.5	1.14258e-07
715.6	1.13983e-07
715.7	1.14105e-07
715.8	1.14258e-07
715.9	1.14105e-07
716	1.13953e-07
716.1	1.14166e-07
716.2	1.14227e-07
716.3	1.13892e-07
716.4	1.14166e-07
716.5	1.13892e-07
716.6	1.13617e-07
716.7	1.13586e-07
716.8	1.14166e-07
716.9	1.14105e-07
717	1.13739e-07
717.1	1.1377e-07
717.2	1.13739e-07
717.3	1.13892e-07
717.4	1.1377e-07
717.5	1.13647e-07
717.6	1.1377e-07
717.7	1.13678e-07
717.8	1.13525e-07
717.9	1.13892e-07
718	1.1377e-07
718.1	1.13251e-07
718.2	1.13617e-07
718.3	1.13647e-07
718.4	1.13495e-07
718.5	1.13556e-07
718.6	1.13678e-07
718.7	1.13495e-07
718.8	1.13403e-07
718.9	1.13403e-07
719	1.13434e-07
719.1	1.13312e-07
719.2	1.1322e-07
719.3	1.13434e-07
719.4	1.13312e-07
719.5	1.13129e-07
719.6	1.13434e-07
719.7	1.13403e-07
719.8	1.13068e-07
719.9	1.1319e-07
720	1.1319e-07
720.1	1.13251e-07
720.2	1.12976e-07
720.3	1.13007e-07
720.4	1.13159e-07
720.5	1.12915e-07
720.6	1.12824e-07
720.7	1.12946e-07
720.8	1.12884e-07
720.9	1.12824e-07
721	1.12884e-07
721.1	1.13007e-07
721.2	1.12671e-07
721.3	1.12549e-07
721.4	1.12793e-07
721.5	1.12671e-07
721.6	1.12518e-07
721.7	1.1264e-07
721.8	1.12732e-07
721.9	1.12671e-07
722	1.12427e-07
722.1	1.12427e-07
722.2	1.12335e-07
722.3	1.12091e-07
722.4	1.12366e-07
722.5	1.12427e-07
722.6	1.12244e-07
722.7	1.1203e-07
722.8	1.12274e-07
722.9	1.1206e-07
723	1.12183e-07
723.1	1.11908e-07
723.2	1.1206e-07
723.3	1.11969e-07
723.4	1.11816e-07
723.5	1.11786e-07
723.6	1.11999e-07
723.7	1.11694e-07
723.8	1.11694e-07
723.9	1.11694e-07
724	1.11786e-07
724.1	1.11359e-07
724.2	1.11542e-07
724.3	1.11542e-07
724.4	1.11389e-07
724.5	1.11359e-07
724.6	1.11237e-07
724.7	1.11145e-07
724.8	1.11023e-07
724.9	1.11206e-07
725	1.11359e-07
725.1	1.10901e-07
725.2	1.10992e-07
725.3	1.11145e-07
725.4	1.10992e-07
725.5	1.10962e-07
725.6	1.10718e-07
725.7	1.10626e-07
725.8	1.10596e-07
725.9	1.10504e-07
726	1.10535e-07
726.1	1.10596e-07
726.2	1.10413e-07
726.3	1.10504e-07
726.4	1.10352e-07
726.5	1.10199e-07
726.6	1.10107e-07
726.7	1.10504e-07
726.8	1.10077e-07
726.9	1.10016e-07
727	1.1026e-07
727.1	1.09894e-07
727.2	1.09802e-07
727.3	1.09863e-07
727.4	1.09985e-07
727.5	1.0965e-07
727.6	1.09741e-07
727.7	1.0965e-07
727.8	1.09497e-07
727.9	1.09192e-07
728	1.09497e-07
728.1	1.09497e-07
728.2	1.09314e-07
728.3	1.08765e-07
728.4	1.09314e-07
728.5	1.091e-07
728.6	1.08826e-07
728.7	1.091e-07
728.8	1.08948e-07
728.9	1.08673e-07
729	1.08612e-07
729.1	1.08765e-07
729.2	1.08765e-07
729.3	1.08337e-07
729.4	1.08215e-07
729.5	1.08276e-07
729.6	1.08337e-07
729.7	1.08002e-07
729.8	1.08032e-07
729.9	1.08337e-07
730	1.07697e-07
730.1	1.07635e-07
730.2	1.07727e-07
730.3	1.07788e-07
730.4	1.07239e-07
730.5	1.07513e-07
730.6	1.0791e-07
730.7	1.07605e-07
730.8	1.07208e-07
730.9	1.06934e-07
731	1.07391e-07
731.1	1.06812e-07
731.2	1.06964e-07
731.3	1.07086e-07
731.4	1.06476e-07
731.5	1.06689e-07
731.6	1.06537e-07
731.7	1.06323e-07
731.8	1.06262e-07
731.9	1.06201e-07
732	1.06323e-07
732.1	1.05896e-07
732.2	1.05835e-07
732.3	1.05927e-07
732.4	1.05591e-07
732.5	1.05591e-07
732.6	1.05469e-07
732.7	1.05469e-07
732.8	1.05041e-07
732.9	1.05102e-07
733	1.05438e-07
733.1	1.04919e-07
733.2	1.04858e-07
733.3	1.05041e-07
733.4	1.04858e-07
733.5	1.04645e-07
733.6	1.0437e-07
733.7	1.04767e-07
733.8	1.04645e-07
733.9	1.04156e-07
734	1.04279e-07
734.1	1.04645e-07
734.2	1.03699e-07
734.3	1.03973e-07
734.4	1.03851e-07
734.5	1.03607e-07
734.6	1.03455e-07
734.7	1.03638e-07
734.8	1.0321e-07
734.9	1.03058e-07
735	1.03027e-07
735.1	1.0321e-07
735.2	1.02844e-07
735.3	1.026e-07
735.4	1.02722e-07
735.5	1.02478e-07
735.6	1.02508e-07
735.7	1.02051e-07
735.8	1.02264e-07
735.9	1.01807e-07
736	1.01868e-07
736.1	1.0199e-07
736.2	1.01776e-07
736.3	1.01715e-07
736.4	1.0144e-07
736.5	1.01807e-07
736.6	1.01166e-07
736.7	1.01257e-07
736.8	1.01288e-07
736.9	1.01257e-07
737	1.00891e-07
737.1	1.00555e-07
737.2	1.00891e-07
737.3	1.00403e-07
737.4	9.99451e-08
737.5	1.0025e-07
737.6	1.00372e-07
737.7	1.00037e-07
737.8	9.9762e-08
737.9	9.99146e-08
738	9.96094e-08
738.1	9.97925e-08
738.2	9.97009e-08
738.3	9.97314e-08
738.4	9.8938e-08
738.5	9.88769e-08
738.6	9.93042e-08
738.7	9.8999e-08
738.8	9.87549e-08
738.9	9.86633e-08
739	9.85107e-08
739.1	9.84802e-08
739.2	9.8053e-08
739.3	9.84497e-08
739.4	9.79614e-08
739.5	9.76868e-08
739.6	9.75342e-08
739.7	9.68628e-08
739.8	9.69543e-08
739.9	9.75037e-08
740	9.71985e-08
740.1	9.75037e-08
740.2	9.70764e-08
740.3	9.7229e-08
740.4	9.59168e-08
740.5	9.61914e-08
740.6	9.67102e-08
740.7	9.61914e-08
740.8	9.56726e-08
740.9	9.58862e-08
741	9.6283e-08
741.1	9.57947e-08
741.2	9.59778e-08
741.3	9.58252e-08
741.4	9.49707e-08
741.5	9.48792e-08
741.6	9.50012e-08
741.7	9.52148e-08
741.8	9.4635e-08
741.9	9.39941e-08
742	9.4696e-08
742.1	9.4635e-08
742.2	9.42078e-08
742.3	9.38721e-08
742.4	9.39636e-08
742.5	9.34143e-08
742.6	9.32617e-08
742.7	9.34143e-08
742.8	9.31396e-08
742.9	9.29565e-08
743	9.32007e-08
743.1	9.30176e-08
743.2	9.28955e-08
743.3	9.31091e-08
743.4	9.29565e-08
743.5	9.23462e-08
743.6	9.21631e-08
743.7	9.198e-08
743.8	9.18274e-08
743.9	9.18579e-08
744	9.12781e-08
744.1	9.12476e-08
744.2	9.08203e-08
744.3	9.08814e-08
744.4	9.11865e-08
744.5	9.06067e-08
744.6	9.05762e-08
744.7	9.04846e-08
744.8	9.03931e-08
744.9	9.00269e-08
745	8.97522e-08
745.1	9.00574e-08
745.2	8.97217e-08
745.3	8.94775e-08
745.4	8.95996e-08
745.5	8.95386e-08
745.6	8.91724e-08
745.7	8.90503e-08
745.8	8.87451e-08
745.9	8.87756e-08
746	8.84705e-08
746.1	8.84399e-08
746.2	8.84094e-08
746.3	8.88367e-08
746.4	8.84094e-08
746.5	8.79211e-08
746.6	8.78601e-08
746.7	8.74939e-08
746.8	8.7616e-08
746.9	8.78296e-08
747	8.72803e-08
747.1	8.71582e-08
747.2	8.70056e-08
747.3	8.69751e-08
747.4	8.6731e-08
747.5	8.63953e-08
747.6	8.61511e-08
747.7	8.63342e-08
747.8	8.62427e-08
747.9	8.57544e-08
748	8.5968e-08
748.1	8.5846e-08
748.2	8.53882e-08
748.3	8.53882e-08
748.4	8.49915e-08
748.5	8.47473e-08
748.6	8.49915e-08
748.7	8.47778e-08
748.8	8.45337e-08
748.9	8.4259e-08
749	8.4198e-08
749.1	8.38623e-08
749.2	8.31604e-08
749.3	8.34656e-08
749.4	8.34656e-08
749.5	8.28247e-08
749.6	8.32825e-08
749.7	8.27637e-08
749.8	8.27332e-08
749.9	8.29773e-08
750	8.26416e-08
750.1	8.2367e-08
750.2	8.23059e-08
750.3	8.20923e-08
750.4	8.17871e-08
750.5	8.16345e-08
750.6	8.11768e-08
750.7	8.10547e-08
750.8	8.13599e-08
750.9	8.10852e-08
751	8.08105e-08
751.1	8.10547e-08
751.2	8.02307e-08
751.3	7.99866e-08
751.4	8.00171e-08
751.5	7.99561e-08
751.6	7.98645e-08
751.7	8.00476e-08
751.8	7.94983e-08
751.9	7.94373e-08
752	7.88574e-08
752.1	7.90405e-08
752.2	7.88269e-08
752.3	7.89795e-08
752.4	7.82166e-08
752.5	7.83081e-08
752.6	7.8186e-08
752.7	7.80334e-08
752.8	7.76367e-08
752.9	7.77588e-08
753	7.73315e-08
753.1	7.72705e-08
753.2	7.65991e-08
753.3	7.71179e-08
753.4	7.68433e-08
753.5	7.66602e-08
753.6	7.71484e-08
753.7	7.66907e-08
753.8	7.66907e-08
753.9	7.65076e-08
754	7.58667e-08
754.1	7.59583e-08
754.2	7.58362e-08
754.3	7.55615e-08
754.4	7.547e-08
754.5	7.47986e-08
754.6	7.50122e-08
754.7	7.4646e-08
754.8	7.44934e-08
754.9	7.45239e-08
755	7.41577e-08
755.1	7.43408e-08
755.2	7.40967e-08
755.3	7.39441e-08
755.4	7.3822e-08
755.5	7.33337e-08
755.6	7.32117e-08
755.7	7.31506e-08
755.8	7.29675e-08
755.9	7.27234e-08
756	7.2876e-08
756.1	7.27234e-08
756.2	7.24487e-08
756.3	7.23572e-08
756.4	7.20215e-08
756.5	7.15637e-08
756.6	7.16553e-08
756.7	7.16553e-08
756.8	7.16553e-08
756.9	7.11975e-08
757	7.10754e-08
757.1	7.07092e-08
757.2	7.06482e-08
757.3	7.06177e-08
757.4	7.04651e-08
757.5	7.04041e-08
757.6	7.00684e-08
757.7	6.99463e-08
757.8	6.98853e-08
757.9	6.96411e-08
758	6.93054e-08
758.1	6.9397e-08
758.2	6.92139e-08
758.3	6.90308e-08
758.4	6.88171e-08
758.5	6.84204e-08
758.6	6.8634e-08
758.7	6.87866e-08
758.8	6.8512e-08
758.9	6.79626e-08
759	6.79321e-08
759.1	6.78711e-08
759.2	6.7688e-08
759.3	6.75964e-08
759.4	6.71692e-08
759.5	6.71387e-08
759.6	6.70471e-08
759.7	6.70166e-08
759.8	6.66809e-08
759.9	6.62537e-08
760	6.63147e-08
760.1	6.61926e-08
760.2	6.60095e-08
760.3	6.5918e-08
760.4	6.57349e-08
760.5	6.53381e-08
760.6	6.52771e-08
760.7	6.52161e-08
760.8	6.49719e-08
760.9	6.47583e-08
761	6.46667e-08
761.1	6.46973e-08
761.2	6.46362e-08
761.3	6.41785e-08
761.4	6.4209e-08
761.5	6.4148e-08
761.6	6.42395e-08
761.7	6.36597e-08
761.8	6.36902e-08
761.9	6.37817e-08
762	6.3324e-08
762.1	6.27747e-08
762.2	6.29272e-08
762.3	6.28052e-08
762.4	6.26831e-08
762.5	6.2439e-08
762.6	6.22864e-08
762.7	6.18591e-08
762.8	6.14624e-08
762.9	6.16455e-08
763	6.1615e-08
763.1	6.14014e-08
763.2	6.1554e-08
763.3	6.11267e-08
763.4	6.11877e-08
763.5	6.06995e-08
763.6	6.06384e-08
763.7	6.08521e-08
763.8	6.05774e-08
763.9	6.04553e-08
764	5.9906e-08
764.1	5.98755e-08
764.2	5.99365e-08
764.3	5.99365e-08
764.4	5.98144e-08
764.5	5.896e-08
764.6	5.92346e-08
764.7	5.89905e-08
764.8	5.87158e-08
764.9	5.84107e-08
765	5.85022e-08
765.1	5.84717e-08
765.2	5.82275e-08
765.3	5.79529e-08
765.4	5.79529e-08
765.5	5.78003e-08
765.6	5.78308e-08
765.7	5.76782e-08
765.8	5.74646e-08
765.9	5.69458e-08
766	5.73731e-08
766.1	5.72205e-08
766.2	5.67017e-08
766.3	5.66406e-08
766.4	5.64575e-08
766.5	5.63965e-08
766.6	5.63049e-08
766.7	5.63049e-08
766.8	5.61218e-08
766.9	5.57861e-08
767	5.53589e-08
767.1	5.51758e-08
767.2	5.50537e-08
767.3	5.50842e-08
767.4	5.53284e-08
767.5	5.48706e-08
767.6	5.49622e-08
767.7	5.4779e-08
767.8	5.43213e-08
767.9	5.41992e-08
768	5.41687e-08
768.1	5.40466e-08
768.2	5.39856e-08
768.3	5.34668e-08
768.4	5.33753e-08
768.5	5.34668e-08
768.6	5.33753e-08
768.7	5.32837e-08
768.8	5.30701e-08
768.9	5.27954e-08
769	5.28259e-08
769.1	5.27649e-08
769.2	5.25513e-08
769.3	5.23987e-08
769.4	5.2063e-08
769.5	5.21851e-08
769.6	5.16357e-08
769.7	5.18189e-08
769.8	5.16663e-08
769.9	5.12695e-08
770	5.08118e-08
770.1	5.08728e-08
770.2	5.06592e-08
770.3	5.08728e-08
770.4	5.09338e-08
770.5	5.09033e-08
770.6	5.0293e-08
770.7	5.05371e-08
770.8	5.03235e-08
770.9	5.00488e-08
771	5.01099e-08
771.1	4.98962e-08
771.2	4.97131e-08
771.3	4.97742e-08
771.4	4.98352e-08
771.5	4.96826e-08
771.6	4.92554e-08
771.7	4.87976e-08
771.8	4.88586e-08
771.9	4.87061e-08
772	4.87061e-08
772.1	4.84314e-08
772.2	4.85535e-08
772.3	4.80347e-08
772.4	4.81873e-08
772.5	4.79736e-08
772.6	4.78516e-08
772.7	4.75769e-08
772.8	4.74548e-08
772.9	4.76074e-08
773	4.71802e-08
773.1	4.72107e-08
773.2	4.70581e-08
773.3	4.69666e-08
773.4	4.6814e-08
773.5	4.63562e-08
773.6	4.6814e-08
773.7	4.63867e-08
773.8	4.63562e-08
773.9	4.62036e-08
774	4.60205e-08
774.1	4.599e-08
774.2	4.5929e-08
774.3	4.58069e-08
774.4	4.54102e-08
774.5	4.53186e-08
774.6	4.5166e-08
774.7	4.50745e-08
774.8	4.52576e-08
774.9	4.49524e-08
775	4.47388e-08
775.1	4.45251e-08
775.2	4.47082e-08
775.3	4.40979e-08
775.4	4.40674e-08
775.5	4.39453e-08
775.6	4.37012e-08
775.7	4.35486e-08
775.8	4.35486e-08
775.9	4.3457e-08
776	4.3396e-08
776.1	4.31824e-08
776.2	4.29993e-08
776.3	4.30298e-08
776.4	4.27856e-08
776.5	4.28162e-08
776.6	4.24499e-08
776.7	4.26636e-08
776.8	4.24194e-08
776.9	4.2511e-08
777	4.22363e-08
777.1	4.19617e-08
777.2	4.20532e-08
777.3	4.15955e-08
777.4	4.19006e-08
777.5	4.1626e-08
777.6	4.13513e-08
777.7	4.11072e-08
777.8	4.09546e-08
777.9	4.0802e-08
778	4.09546e-08
778.1	4.05884e-08
778.2	4.04358e-08
778.3	4.05579e-08
778.4	4.03748e-08
778.5	4.01917e-08
778.6	4.00085e-08
778.7	4.00696e-08
778.8	3.99475e-08
778.9	3.98865e-08
779	3.94897e-08
779.1	3.94592e-08
779.2	3.92761e-08
779.3	3.97949e-08
779.4	3.97034e-08
779.5	3.92761e-08
779.6	3.90625e-08
779.7	3.86658e-08
779.8	3.86658e-08
779.9	3.88489e-08
780	3.86963e-08
780.1	3.85132e-08
780.2	3.80859e-08
780.3	3.83301e-08
780.4	3.79639e-08
780.5	3.77808e-08
780.6	3.79639e-08
780.7	3.79028e-08
780.8	3.76587e-08
780.9	3.75061e-08
781	3.77502e-08
781.1	3.75366e-08
781.2	3.74145e-08
781.3	3.75976e-08
781.4	3.72009e-08
781.5	3.70178e-08
781.6	3.69263e-08
781.7	3.66516e-08
781.8	3.6499e-08
781.9	3.64685e-08
782	3.6438e-08
782.1	3.62244e-08
782.2	3.60718e-08
782.3	3.57971e-08
782.4	3.55225e-08
782.5	3.58276e-08
782.6	3.56751e-08
782.7	3.55835e-08
782.8	3.53088e-08
782.9	3.51257e-08
783	3.54614e-08
783.1	3.52173e-08
783.2	3.50647e-08
783.3	3.46985e-08
783.4	3.479e-08
783.5	3.44849e-08
783.6	3.44849e-08
783.7	3.46374e-08
783.8	3.40576e-08
783.9	3.41492e-08
784	3.40271e-08
784.1	3.37524e-08
784.2	3.37219e-08
784.3	3.3905e-08
784.4	3.36609e-08
784.5	3.35083e-08
784.6	3.35693e-08
784.7	3.3783e-08
784.8	3.34168e-08
784.9	3.32336e-08
785	3.32336e-08
785.1	3.3081e-08
785.2	3.29895e-08
785.3	3.27759e-08
785.4	3.27759e-08
785.5	3.23486e-08
785.6	3.25928e-08
785.7	3.2196e-08
785.8	3.18909e-08
785.9	3.20129e-08
786	3.18298e-08
786.1	3.21655e-08
786.2	3.18298e-08
786.3	3.16772e-08
786.4	3.19214e-08
786.5	3.14331e-08
786.6	3.18298e-08
786.7	3.1189e-08
786.8	3.10974e-08
786.9	3.1189e-08
787	3.10974e-08
787.1	3.10364e-08
787.2	3.06397e-08
787.3	3.06702e-08
787.4	3.04871e-08
787.5	3.02429e-08
787.6	3.05176e-08
787.7	3.06091e-08
787.8	3.01209e-08
787.9	3.02124e-08
788	3.00903e-08
788.1	2.99683e-08
788.2	2.97546e-08
788.3	2.95105e-08
788.4	2.95715e-08
788.5	2.948e-08
788.6	2.93884e-08
788.7	2.91748e-08
788.8	2.92358e-08
788.9	2.91748e-08
789	2.90527e-08
789.1	2.91138e-08
789.2	2.85339e-08
789.3	2.87781e-08
789.4	2.88086e-08
789.5	2.86865e-08
789.6	2.86865e-08
789.7	2.84119e-08
789.8	2.84424e-08
789.9	2.82288e-08
790	2.80762e-08
790.1	2.79541e-08
790.2	2.75879e-08
790.3	2.78015e-08
790.4	2.79541e-08
790.5	2.76489e-08
790.6	2.76489e-08
790.7	2.74658e-08
790.8	2.74353e-08
790.9	2.74658e-08
791	2.74963e-08
791.1	2.72522e-08
791.2	2.69165e-08
791.3	2.6947e-08
791.4	2.66724e-08
791.5	2.66113e-08
791.6	2.63672e-08
791.7	2.65503e-08
791.8	2.6886e-08
791.9	2.61536e-08
792	2.61231e-08
792.1	2.62756e-08
792.2	2.62146e-08
792.3	2.61231e-08
792.4	2.58484e-08
792.5	2.59705e-08
792.6	2.57263e-08
792.7	2.57263e-08
792.8	2.57568e-08
792.9	2.56042e-08
793	2.52991e-08
793.1	2.50855e-08
793.2	2.50855e-08
793.3	2.53906e-08
793.4	2.49939e-08
793.5	2.49939e-08
793.6	2.47803e-08
793.7	2.47498e-08
793.8	2.47803e-08
793.9	2.46887e-08
794	2.45972e-08
794.1	2.4353e-08
794.2	2.42615e-08
794.3	2.42615e-08
794.4	2.41394e-08
794.5	2.42615e-08
794.6	2.39258e-08
794.7	2.40173e-08
794.8	2.37427e-08
794.9	2.38342e-08
795	2.39258e-08
795.1	2.35596e-08
795.2	2.3468e-08
795.3	2.3346e-08
795.4	2.33154e-08
795.5	2.32239e-08
795.6	2.32849e-08
795.7	2.32544e-08
795.8	2.32239e-08
795.9	2.28882e-08
796	2.27356e-08
796.1	2.29187e-08
796.2	2.26135e-08
796.3	2.25525e-08
796.4	2.2583e-08
796.5	2.22778e-08
796.6	2.23694e-08
796.7	2.22168e-08
796.8	2.21863e-08
796.9	2.20642e-08
797	2.21558e-08
797.1	2.21252e-08
797.2	2.20337e-08
797.3	2.19116e-08
797.4	2.19421e-08
797.5	2.1698e-08
797.6	2.14539e-08
797.7	2.16064e-08
797.8	2.14233e-08
797.9	2.11792e-08
798	2.12097e-08
798.1	2.09656e-08
798.2	2.09351e-08
798.3	2.0874e-08
798.4	2.09961e-08
798.5	2.10571e-08
798.6	2.0874e-08
798.7	2.07825e-08
798.8	2.0752e-08
798.9	2.04773e-08
799	2.01111e-08
799.1	2.03857e-08
799.2	2.04163e-08
799.3	2.01416e-08
799.4	1.9989e-08
799.5	2.00806e-08
799.6	2.00501e-08
799.7	1.98669e-08
799.8	1.9989e-08
799.9	1.99585e-08
800	1.97754e-08
800.1	1.96533e-08
800.2	1.97143e-08
800.3	1.95007e-08
800.4	1.91956e-08
800.5	1.95618e-08
800.6	1.92566e-08
800.7	1.92566e-08
800.8	1.9043e-08
800.9	1.90124e-08
801	1.89819e-08
801.1	1.90124e-08
801.2	1.89209e-08
801.3	1.89819e-08
801.4	1.87378e-08
801.5	1.88599e-08
801.6	1.85852e-08
801.7	1.86462e-08
801.8	1.84021e-08
801.9	1.83716e-08
802	1.84021e-08
802.1	1.828e-08
802.2	1.81885e-08
802.3	1.80664e-08
802.4	1.828e-08
802.5	1.8158e-08
802.6	1.79748e-08
802.7	1.80359e-08
802.8	1.79138e-08
802.9	1.76392e-08
803	1.77612e-08
803.1	1.75476e-08
803.2	1.74866e-08
803.3	1.74866e-08
803.4	1.74561e-08
803.5	1.76392e-08
803.6	1.71814e-08
803.7	1.72424e-08
803.8	1.7334e-08
803.9	1.69678e-08
804	1.70593e-08
804.1	1.69678e-08
804.2	1.68457e-08
804.3	1.65405e-08
804.4	1.66016e-08
804.5	1.67236e-08
804.6	1.63574e-08
804.7	1.63574e-08
804.8	1.64795e-08
804.9	1.62659e-08
805	1.62659e-08
805.1	1.62353e-08
805.2	1.60523e-08
805.3	1.62353e-08
805.4	1.62659e-08
805.5	1.60828e-08
805.6	1.61133e-08
805.7	1.59607e-08
805.8	1.57471e-08
805.9	1.58386e-08
806	1.5564e-08
806.1	1.53809e-08
806.2	1.5564e-08
806.3	1.5564e-08
806.4	1.52283e-08
806.5	1.51978e-08
806.6	1.53198e-08
806.7	1.49841e-08
806.8	1.50757e-08
806.9	1.49841e-08
807	1.51367e-08
807.1	1.4801e-08
807.2	1.51978e-08
807.3	1.51672e-08
807.4	1.48315e-08
807.5	1.4801e-08
807.6	1.46789e-08
807.7	1.48621e-08
807.8	1.42517e-08
807.9	1.45264e-08
808	1.46484e-08
808.1	1.45264e-08
808.2	1.43433e-08
808.3	1.44348e-08
808.4	1.42517e-08
808.5	1.3855e-08
808.6	1.40991e-08
808.7	1.41907e-08
808.8	1.38855e-08
808.9	1.39465e-08
809	1.41907e-08
809.1	1.37634e-08
809.2	1.36108e-08
809.3	1.37329e-08
809.4	1.38855e-08
809.5	1.35803e-08
809.6	1.33057e-08
809.7	1.36108e-08
809.8	1.36108e-08
809.9	1.297e-08
810	1.33057e-08
810.1	1.33362e-08
810.2	1.28174e-08
810.3	1.30615e-08
810.4	1.32141e-08
810.5	1.33667e-08
810.6	1.297e-08
810.7	1.29395e-08
810.8	1.3092e-08
810.9	1.28479e-08
811	1.25122e-08
811.1	1.27869e-08
811.2	1.23596e-08
811.3	1.23901e-08
811.4	1.25427e-08
811.5	1.27869e-08
811.6	1.23596e-08
811.7	1.22986e-08
811.8	1.23596e-08
811.9	1.22376e-08
812	1.19324e-08
812.1	1.21155e-08
812.2	1.23901e-08
812.3	1.18713e-08
812.4	1.19019e-08
812.5	1.22681e-08
812.6	1.18713e-08
812.7	1.15356e-08
812.8	1.19019e-08
812.9	1.20239e-08
813	1.14441e-08
813.1	1.17188e-08
813.2	1.18408e-08
813.3	1.12305e-08
813.4	1.14441e-08
813.5	1.17188e-08
813.6	1.16882e-08
813.7	1.09863e-08
813.8	1.12305e-08
813.9	1.14746e-08
814	1.10169e-08
814.1	1.08643e-08
814.2	1.10169e-08
814.3	1.10779e-08
814.4	1.07727e-08
814.5	1.08337e-08
814.6	1.08643e-08
814.7	1.07727e-08
814.8	1.04065e-08
814.9	1.06811e-08
815	1.07117e-08
815.1	1.06201e-08
815.2	1.05896e-08
815.3	1.05591e-08
815.4	1.0376e-08
815.5	1.0376e-08
815.6	1.04981e-08
815.7	1.04065e-08
815.8	1.01013e-08
815.9	1.01013e-08
816	1.0437e-08
816.1	1.01623e-08
816.2	9.97925e-09
816.3	9.97925e-09
816.4	1.00098e-08
816.5	9.82666e-09
816.6	9.82666e-09
816.7	9.88769e-09
816.8	9.79614e-09
816.9	9.61304e-09
817	9.91821e-09
817.1	9.64355e-09
817.2	9.49097e-09
817.3	9.52148e-09
817.4	9.52148e-09
817.5	9.552e-09
817.6	9.24683e-09
817.7	9.30786e-09
817.8	9.30786e-09
817.9	9.06372e-09
818	9.15527e-09
818.1	9.21631e-09
818.2	9.09424e-09
818.3	9.06372e-09
818.4	9.21631e-09
818.5	9.12476e-09
818.6	8.97217e-09
818.7	8.69751e-09
818.8	9.0332e-09
818.9	8.91113e-09
819	8.54492e-09
819.1	8.66699e-09
819.2	8.57544e-09
819.3	8.36182e-09
819.4	8.66699e-09
819.5	8.57544e-09
819.6	8.3313e-09
819.7	8.27026e-09
819.8	8.36182e-09
819.9	8.14819e-09
820	8.23975e-09
820.1	8.02612e-09
820.2	8.3313e-09
820.3	8.17871e-09
820.4	8.11767e-09
820.5	8.11767e-09
820.6	8.17871e-09
820.7	7.84302e-09
820.8	7.78198e-09
820.9	7.87354e-09
821	7.8125e-09
821.1	7.59888e-09
821.2	7.6294e-09
821.3	7.99561e-09
821.4	7.65991e-09
821.5	7.69043e-09
821.6	7.6294e-09
821.7	7.69043e-09
821.8	7.35474e-09
821.9	7.50733e-09
822	7.72095e-09
822.1	7.17163e-09
822.2	7.32422e-09
822.3	7.56836e-09
822.4	7.14111e-09
822.5	6.98852e-09
822.6	7.20215e-09
822.7	7.17163e-09
822.8	6.83594e-09
822.9	6.89697e-09
823	7.1106e-09
823.1	6.89697e-09
823.2	6.71387e-09
823.3	6.95801e-09
823.4	6.92749e-09
823.5	6.5918e-09
823.6	6.71387e-09
823.7	6.83594e-09
823.8	6.95801e-09
823.9	6.53076e-09
824	6.86646e-09
824.1	6.65283e-09
824.2	6.56128e-09
824.3	6.53076e-09
824.4	6.80542e-09
824.5	6.2561e-09
824.6	6.34766e-09
824.7	6.56128e-09
824.8	6.31714e-09
824.9	6.2561e-09
825	6.13403e-09
825.1	6.22559e-09
825.2	6.13403e-09
825.3	6.13403e-09
825.4	6.31714e-09
825.5	5.95093e-09
825.6	5.82886e-09
825.7	6.073e-09
825.8	6.2561e-09
825.9	5.7373e-09
826	5.76782e-09
826.1	5.98145e-09
826.2	5.82886e-09
826.3	5.70679e-09
826.4	5.70679e-09
826.5	5.85938e-09
826.6	5.61523e-09
826.7	5.49316e-09
826.8	5.79834e-09
826.9	5.70679e-09
827	5.24902e-09
827.1	5.61523e-09
827.2	5.67627e-09
827.3	5.18799e-09
827.4	5.34058e-09
827.5	5.58472e-09
827.6	5.31006e-09
827.7	5.18799e-09
827.8	5.21851e-09
827.9	5.40161e-09
828	4.94385e-09
828.1	4.91333e-09
828.2	5.06592e-09
828.3	4.97437e-09
828.4	4.76074e-09
828.5	4.85229e-09
828.6	5.15747e-09
828.7	4.79126e-09
828.8	4.91333e-09
828.9	5.00488e-09
829	4.85229e-09
829.1	4.45557e-09
829.2	4.69971e-09
829.3	4.82178e-09
829.4	4.57764e-09
829.5	4.60815e-09
829.6	4.66919e-09
829.7	4.76074e-09
829.8	4.5166e-09
829.9	4.45557e-09
830	4.54712e-09
830.1	4.27246e-09
830.2	4.39453e-09
830.3	4.45557e-09
830.4	4.42505e-09
830.5	4.15039e-09
830.6	4.39453e-09
830.7	4.42505e-09
830.8	4.15039e-09
830.9	4.18091e-09
831	4.18091e-09
831.1	4.42505e-09
831.2	3.8147e-09
831.3	4.15039e-09
831.4	4.18091e-09
831.5	3.78418e-09
831.6	3.8147e-09
831.7	4.11987e-09
831.8	3.87573e-09
831.9	3.66211e-09
832	3.90625e-09
832.1	3.96728e-09
832.2	3.63159e-09
832.3	3.54004e-09
832.4	3.78418e-09
832.5	3.66211e-09
832.6	3.41797e-09
832.7	3.72314e-09
832.8	3.78418e-09
832.9	3.75366e-09
833	3.63159e-09
833.1	3.54004e-09
833.2	3.44849e-09
833.3	3.17383e-09
833.4	3.38745e-09
833.5	3.60107e-09
833.6	3.23486e-09
833.7	3.35693e-09
833.8	3.50952e-09
833.9	3.2959e-09
834	3.02124e-09
834.1	3.41797e-09
834.2	3.26538e-09
834.3	3.17383e-09
834.4	3.14331e-09
834.5	3.2959e-09
834.6	3.14331e-09
834.7	2.86865e-09
834.8	3.08227e-09
834.9	3.17383e-09
835	3.11279e-09
835.1	2.86865e-09
835.2	3.05176e-09
835.3	2.80762e-09
835.4	2.80762e-09
835.5	-4.04694e-07
835.6	2.68555e-09
835.7	2.53296e-09
835.8	2.47192e-09
835.9	2.83813e-09
836	2.71606e-09
836.1	2.7771e-09
836.2	2.59399e-09
836.3	2.59399e-09
836.4	2.62451e-09
836.5	2.7771e-09
836.6	2.83813e-09
836.7	2.56348e-09
836.8	2.19727e-09
836.9	2.62451e-09
837	2.47192e-09
837.1	2.44141e-09
837.2	2.28882e-09
837.3	2.47192e-09
837.4	2.44141e-09
837.5	2.34985e-09
837.6	2.2583e-09
837.7	2.2583e-09
837.8	2.22778e-09
837.9	2.22778e-09
838	2.41089e-09
838.1	2.22778e-09
838.2	1.92261e-09
838.3	2.0752e-09
838.4	2.2583e-09
838.5	2.04468e-09
838.6	2.10571e-09
838.7	2.0752e-09
838.8	2.16675e-09
838.9	1.89209e-09
839	2.01416e-09
839.1	2.01416e-09
839.2	1.83105e-09
839.3	1.7395e-09
839.4	1.83105e-09
839.5	1.92261e-09
839.6	1.64795e-09
839.7	1.89209e-09
839.8	1.7395e-09
839.9	1.58691e-09
840	1.5564e-09
840.1	1.64795e-09
840.2	1.77002e-09
840.3	1.37329e-09
840.4	1.58691e-09
840.5	1.67847e-09
840.6	1.64795e-09
840.7	1.46484e-09
840.8	1.52588e-09
840.9	1.52588e-09
841	1.49536e-09
841.1	1.49536e-09
841.2	1.58691e-09
841.3	1.40381e-09
841.4	1.28174e-09
841.5	1.58691e-09
841.6	1.25122e-09
841.7	1.09863e-09
841.8	1.34277e-09
841.9	1.25122e-09
842	1.09863e-09
842.1	1.15967e-09
842.2	1.28174e-09
842.3	1.15967e-09
842.4	9.76562e-10
842.5	1.06812e-09
842.6	1.28174e-09
842.7	9.76562e-10
842.8	9.15527e-10
842.9	1.25122e-09
843	1.19019e-09
843.1	6.71387e-10
843.2	8.54492e-10
843.3	1.31226e-09
843.4	8.8501e-10
843.5	8.54492e-10
843.6	9.15527e-10
843.7	9.46045e-10
843.8	9.76562e-10
843.9	1.00708e-09
844	1.12915e-09
844.1	7.93457e-10
844.2	6.40869e-10
844.3	8.8501e-10
844.4	7.93457e-10
844.5	6.71387e-10
844.6	8.23975e-10
844.7	8.8501e-10
844.8	6.40869e-10
844.9	5.79834e-10
845	7.32422e-10
845.1	7.01904e-10
845.2	3.05176e-10
845.3	5.49316e-10
845.4	7.32422e-10
845.5	3.96729e-10
845.6	3.96729e-10
845.7	6.40869e-10
845.8	7.01904e-10
845.9	3.66211e-10
846	5.18799e-10
846.1	5.18799e-10
846.2	2.44141e-10
846.3	3.35693e-10
846.4	5.79834e-10
846.5	3.05176e-10
846.6	-3.05176e-11
846.7	3.35693e-10
846.8	6.10352e-10
846.9	2.74658e-10
847	6.10352e-11
847.1	3.96729e-10
847.2	3.66211e-10
847.3	0
847.4	3.35693e-10
847.5	2.44141e-10
847.6	0
847.7	-1.83105e-10
847.8	5.49316e-10
847.9	2.44141e-10
848	-1.52588e-10
848.1	3.05176e-11
848.2	2.74658e-10
848.3	-6.10352e-11
848.4	6.10352e-11
848.5	2.13623e-10
848.6	-3.05176e-11
848.7	-3.05176e-10
848.8	9.15527e-11
848.9	1.2207e-10
849	-3.35693e-10
849.1	-1.83105e-10
849.2	3.66211e-10
849.3	-9.15527e-11
849.4	-5.18799e-10
849.5	-6.10352e-11
849.6	1.2207e-10
849.7	-4.27246e-10
849.8	-1.2207e-10
849.9	-1.2207e-10
850	-1.52588e-10
850.1	-4.27246e-10
850.2	-2.13623e-10
850.3	-1.2207e-10
850.4	-7.01904e-10
850.5	-2.74658e-10
850.6	-2.13623e-10
850.7	-3.05176e-10
850.8	-6.40869e-10
850.9	-2.74658e-10
851	-4.27246e-10
851.1	-7.32422e-10
851.2	-1.37329e-09
851.3	-5.18799e-10
851.4	-7.32422e-10
851.5	-8.8501e-10
851.6	-2.13623e-10
851.7	-2.13623e-10
851.8	-5.79834e-10
851.9	-8.23975e-10
852	-1.52588e-10
852.1	-7.01904e-10
852.2	-1.0376e-09
852.3	-7.32422e-10
852.4	-3.35693e-10
852.5	-1.0376e-09
852.6	-7.93457e-10
852.7	-4.88281e-10
852.8	-7.32422e-10
852.9	-9.46045e-10
853	-6.71387e-10
853.1	-7.01904e-10
853.2	-7.93457e-10
853.3	-8.8501e-10
853.4	-3.96729e-10
853.5	-6.10352e-10
853.6	-7.62939e-10
853.7	-7.32422e-10
853.8	-7.01904e-10
853.9	-9.46045e-10
854	-9.76562e-10
854.1	-6.71387e-10
854.2	-1.00708e-09
854.3	-1.06812e-09
854.4	-8.23975e-10
854.5	-9.15527e-10
854.6	-1.06812e-09
854.7	-1.12915e-09
854.8	-9.15527e-10
854.9	-9.15527e-10
855	-1.00708e-09
855.1	-1.0376e-09
855.2	-9.46045e-10
855.3	-9.46045e-10
855.4	-1.09863e-09
855.5	-1.0376e-09
855.6	-1.0376e-09
855.7	-1.28174e-09
855.8	-1.19019e-09
855.9	-1.28174e-09
856	-1.43433e-09
856.1	-1.25122e-09
856.2	-1.2207e-09
856.3	-1.40381e-09
856.4	-1.28174e-09
856.5	-1.12915e-09
856.6	-1.19019e-09
856.7	-1.40381e-09
856.8	-1.31226e-09
856.9	-1.12915e-09
857	-1.19019e-09
857.1	-1.52588e-09
857.2	-1.40381e-09
857.3	-1.28174e-09
857.4	-1.52588e-09
857.5	-1.34277e-09
857.6	-1.49536e-09
857.7	-1.28174e-09
857.8	-1.46484e-09
857.9	-1.46484e-09
858	-1.58691e-09
858.1	-1.46484e-09
858.2	-1.52588e-09
858.3	-1.34277e-09
858.4	-1.7395e-09
858.5	-1.64795e-09
858.6	-1.37329e-09
858.7	-1.52588e-09
858.8	-1.46484e-09
858.9	-1.61743e-09
859	-1.61743e-09
859.1	-1.40381e-09
859.2	-1.61743e-09
859.3	-1.58691e-09
859.4	-1.64795e-09
859.5	-1.58691e-09
859.6	-1.7395e-09
859.7	-1.70898e-09
859.8	-1.67847e-09
859.9	-1.7395e-09
860	-1.7395e-09
860.1	-1.46484e-09
860.2	-1.61743e-09
860.3	-1.83105e-09
860.4	-1.7395e-09
860.5	-1.95312e-09
860.6	-1.5564e-09
860.7	-1.83105e-09
860.8	-1.70898e-09
860.9	-1.86157e-09
861	-1.70898e-09
861.1	-2.04468e-09
861.2	-1.86157e-09
861.3	-1.64795e-09
861.4	-1.89209e-09
861.5	-1.86157e-09
861.6	-1.80054e-09
861.7	-1.83105e-09
861.8	-1.89209e-09
861.9	-1.92261e-09
862	-2.10571e-09
862.1	-2.10571e-09
862.2	-2.01416e-09
862.3	-1.95312e-09
862.4	-2.04468e-09
862.5	-2.04468e-09
862.6	-1.98364e-09
862.7	-2.10571e-09
862.8	-2.04468e-09
862.9	-2.13623e-09
863	-2.2583e-09
863.1	-1.98364e-09
863.2	-2.16675e-09
863.3	-1.92261e-09
863.4	-1.80054e-09
863.5	-2.04468e-09
863.6	-2.19727e-09
863.7	-2.0752e-09
863.8	-2.10571e-09
863.9	-2.10571e-09
864	-2.22778e-09
864.1	-2.13623e-09
864.2	-2.31934e-09
864.3	-2.28882e-09
864.4	-1.95312e-09
864.5	-2.53296e-09
864.6	-2.22778e-09
864.7	-2.2583e-09
864.8	-2.28882e-09
864.9	-2.28882e-09
865	-2.22778e-09
865.1	-2.19727e-09
865.2	-2.31934e-09
865.3	-2.19727e-09
865.4	-2.41089e-09
865.5	-2.44141e-09
865.6	-2.41089e-09
865.7	-2.47192e-09
865.8	-2.31934e-09
865.9	-2.47192e-09
866	-2.59399e-09
866.1	-2.44141e-09
866.2	-2.50244e-09
866.3	-2.53296e-09
866.4	-2.22778e-09
866.5	-2.47192e-09
866.6	-2.44141e-09
866.7	-2.56348e-09
866.8	-2.44141e-09
866.9	-2.53296e-09
867	-2.56348e-09
867.1	-2.50244e-09
867.2	-2.62451e-09
867.3	-2.59399e-09
867.4	-2.62451e-09
867.5	-2.65503e-09
867.6	-2.53296e-09
867.7	-2.56348e-09
867.8	-2.65503e-09
867.9	-2.56348e-09
868	-2.71606e-09
868.1	-2.62451e-09
868.2	-2.59399e-09
868.3	-2.71606e-09
868.4	-2.71606e-09
868.5	-2.71606e-09
868.6	-2.83813e-09
868.7	-2.68555e-09
868.8	-2.74658e-09
868.9	-2.74658e-09
869	-2.68555e-09
869.1	-2.86865e-09
869.2	-2.83813e-09
869.3	-2.74658e-09
869.4	-2.53296e-09
869.5	-2.96021e-09
869.6	-2.80762e-09
869.7	-2.71606e-09
869.8	-2.65503e-09
869.9	-2.92969e-09
870	-2.80762e-09
870.1	-2.83813e-09
870.2	-2.99072e-09
870.3	-2.89917e-09
870.4	-2.83813e-09
870.5	-2.7771e-09
870.6	-2.96021e-09
870.7	-2.7771e-09
870.8	-2.99072e-09
870.9	-2.80762e-09
871	-2.83813e-09
871.1	-2.71606e-09
871.2	-2.74658e-09
871.3	-3.11279e-09
871.4	-2.86865e-09
871.5	-2.89917e-09
871.6	-2.89917e-09
871.7	-3.11279e-09
871.8	-2.89917e-09
871.9	-3.02124e-09
872	-3.05176e-09
872.1	-2.96021e-09
872.2	-2.99072e-09
872.3	-2.99072e-09
872.4	-3.11279e-09
872.5	-2.92969e-09
872.6	-2.83813e-09
872.7	-3.20435e-09
872.8	-3.08227e-09
872.9	-3.14331e-09
873	-3.2959e-09
873.1	-3.26538e-09
873.2	-3.32642e-09
873.3	-3.20435e-09
873.4	-3.20435e-09
873.5	-3.23486e-09
873.6	-3.2959e-09
873.7	-3.20435e-09
873.8	-3.26538e-09
873.9	-3.2959e-09
874	-3.2959e-09
874.1	-3.2959e-09
874.2	-3.14331e-09
874.3	-3.35693e-09
874.4	-3.26538e-09
874.5	-3.2959e-09
874.6	-3.23486e-09
874.7	-3.32642e-09
874.8	-3.20435e-09
874.9	-3.44849e-09
875	-3.23486e-09
875.1	-3.26538e-09
875.2	-3.479e-09
875.3	-3.41797e-09
875.4	-3.63159e-09
875.5	-3.41797e-09
875.6	-3.38745e-09
875.7	-3.41797e-09
875.8	-3.41797e-09
875.9	-3.38745e-09
876	-3.44849e-09
876.1	-3.35693e-09
876.2	-3.2959e-09
876.3	-3.54004e-09
876.4	-3.50952e-09
876.5	-3.41797e-09
876.6	-3.63159e-09
876.7	-3.17383e-09
876.8	-3.38745e-09
876.9	-3.57056e-09
877	-3.479e-09
877.1	-3.35693e-09
877.2	-3.50952e-09
877.3	-3.57056e-09
877.4	-3.479e-09
877.5	-3.60107e-09
877.6	-3.44849e-09
877.7	-3.72314e-09
877.8	-3.44849e-09
877.9	-3.41797e-09
878	-3.54004e-09
878.1	-3.60107e-09
878.2	-3.35693e-09
878.3	-3.66211e-09
878.4	-3.63159e-09
878.5	-3.479e-09
878.6	-3.84521e-09
878.7	-3.60107e-09
878.8	-3.41797e-09
878.9	-3.60107e-09
879	-3.69263e-09
879.1	-3.63159e-09
879.2	-3.69263e-09
879.3	-3.57056e-09
879.4	-3.54004e-09
879.5	-3.72314e-09
879.6	-3.50952e-09
879.7	-3.75366e-09
879.8	-3.63159e-09
879.9	-3.57056e-09
880	-3.72314e-09
880.1	-3.87573e-09
880.2	-3.75366e-09
880.3	-3.60107e-09
880.4	-3.57056e-09
880.5	-3.75366e-09
880.6	-3.72314e-09
880.7	-3.44849e-09
880.8	-3.8147e-09
880.9	-3.69263e-09
881	-3.63159e-09
881.1	-3.69263e-09
881.2	-3.84521e-09
881.3	-3.63159e-09
881.4	-3.66211e-09
881.5	-3.75366e-09
881.6	-3.8147e-09
881.7	-3.72314e-09
881.8	-3.57056e-09
881.9	-3.93677e-09
882	-3.84521e-09
882.1	-3.60107e-09
882.2	-3.75366e-09
882.3	-4.05884e-09
882.4	-3.78418e-09
882.5	-3.60107e-09
882.6	-3.93677e-09
882.7	-3.87573e-09
882.8	-3.63159e-09
882.9	-3.87573e-09
883	-3.93677e-09
883.1	-3.60107e-09
883.2	-3.63159e-09
883.3	-4.11987e-09
883.4	-4.02832e-09
883.5	-3.50952e-09
883.6	-4.02832e-09
883.7	-3.9978e-09
883.8	-3.50952e-09
883.9	-3.66211e-09
884	-3.90625e-09
884.1	-3.96728e-09
884.2	-3.75366e-09
884.3	-3.9978e-09
884.4	-3.9978e-09
884.5	-3.78418e-09
884.6	-3.63159e-09
884.7	-3.9978e-09
884.8	-3.8147e-09
884.9	-3.66211e-09
885	-3.90625e-09
885.1	-4.11987e-09
885.2	-3.84521e-09
885.3	-3.75366e-09
885.4	-3.90625e-09
885.5	-4.24194e-09
885.6	-3.72314e-09
885.7	-3.96728e-09
885.8	-4.05884e-09
885.9	-4.08936e-09
886	-3.84521e-09
886.1	-3.93677e-09
886.2	-4.08936e-09
886.3	-3.78418e-09
886.4	-3.9978e-09
886.5	-4.36401e-09
886.6	-3.87573e-09
886.7	-3.96728e-09
886.8	-3.9978e-09
886.9	-3.96728e-09
887	-3.84521e-09
887.1	-3.8147e-09
887.2	-4.11987e-09
887.3	-3.93677e-09
887.4	-3.93677e-09
887.5	-4.15039e-09
887.6	-3.87573e-09
887.7	-4.08936e-09
887.8	-4.02832e-09
887.9	-4.15039e-09
888	-3.90625e-09
888.1	-3.96728e-09
888.2	-4.11987e-09
888.3	-3.96728e-09
888.4	-3.84521e-09
888.5	-4.05884e-09
888.6	-4.15039e-09
888.7	-3.93677e-09
888.8	-4.02832e-09
888.9	-4.15039e-09
889	-3.9978e-09
889.1	-3.90625e-09
889.2	-4.24194e-09
889.3	-4.11987e-09
889.4	-4.05884e-09
889.5	-4.02832e-09
889.6	-4.39453e-09
889.7	-4.21143e-09
889.8	-4.15039e-09
889.9	-4.3335e-09
890	-4.36401e-09
890.1	-4.08936e-09
890.2	-4.15039e-09
890.3	-4.24194e-09
890.4	-4.15039e-09
890.5	-3.90625e-09
890.6	-4.21143e-09
890.7	-4.08936e-09
890.8	-4.11987e-09
890.9	-3.93677e-09
891	-4.36401e-09
891.1	-4.15039e-09
891.2	-4.18091e-09
891.3	-4.21143e-09
891.4	-4.30298e-09
891.5	-3.9978e-09
891.6	-4.11987e-09
891.7	-4.42505e-09
891.8	-4.15039e-09
891.9	-4.11987e-09
892	-4.24194e-09
892.1	-4.3335e-09
892.2	-4.11987e-09
892.3	-3.9978e-09
892.4	-4.36401e-09
892.5	-4.3335e-09
892.6	-4.11987e-09
892.7	-4.05884e-09
892.8	-4.21143e-09
892.9	-4.11987e-09
893	-4.24194e-09
893.1	-4.08936e-09
893.2	-4.27246e-09
893.3	-3.93677e-09
893.4	-4.3335e-09
893.5	-4.42505e-09
893.6	-4.08936e-09
893.7	-4.24194e-09
893.8	-4.57764e-09
893.9	-4.05884e-09
894	-4.08936e-09
894.1	-4.15039e-09
894.2	-4.3335e-09
894.3	-4.15039e-09
894.4	-4.24194e-09
894.5	-4.5166e-09
894.6	-4.3335e-09
894.7	-4.18091e-09
894.8	-4.11987e-09
894.9	-4.39453e-09
895	-4.21143e-09
895.1	-4.21143e-09
895.2	-4.21143e-09
895.3	-4.27246e-09
895.4	-4.18091e-09
895.5	-4.11987e-09
895.6	-4.48608e-09
895.7	-4.30298e-09
895.8	-4.27246e-09
895.9	-4.36401e-09
896	-4.42505e-09
896.1	-4.15039e-09
896.2	-4.11987e-09
896.3	-4.21143e-09
896.4	-4.39453e-09
896.5	-4.18091e-09
896.6	-4.18091e-09
896.7	-4.42505e-09
896.8	-4.21143e-09
896.9	-4.36401e-09
897	-4.36401e-09
897.1	-4.36401e-09
897.2	-4.36401e-09
897.3	-4.30298e-09
897.4	-4.39453e-09
897.5	-4.27246e-09
897.6	-4.3335e-09
897.7	-4.27246e-09
897.8	-4.30298e-09
897.9	-4.30298e-09
898	-4.45557e-09
898.1	-4.36401e-09
898.2	-4.08936e-09
898.3	-4.24194e-09
898.4	-4.48608e-09
898.5	-4.24194e-09
898.6	-4.45557e-09
898.7	-4.3335e-09
898.8	-4.30298e-09
898.9	-4.3335e-09
899	-4.30298e-09
899.1	-4.39453e-09
899.2	-4.45557e-09
899.3	-4.24194e-09
899.4	-4.3335e-09
899.5	-4.60815e-09
899.6	-4.39453e-09
899.7	-4.3335e-09
899.8	-4.63867e-09
899.9	-4.48608e-09
900	-4.27246e-09
900.1	-4.5166e-09
900.2	-4.05884e-09
900.3	-4.39453e-09
900.4	-4.27246e-09
900.5	-4.60815e-09
900.6	-4.54712e-09
900.7	-4.48608e-09
900.8	-4.45557e-09
900.9	-4.54712e-09
901	-4.3335e-09
901.1	-4.57764e-09
901.2	-4.69971e-09
901.3	-4.57764e-09
901.4	-4.36401e-09
901.5	-4.60815e-09
901.6	-4.54712e-09
901.7	-4.39453e-09
901.8	-4.54712e-09
901.9	-4.54712e-09
902	-4.45557e-09
902.1	-4.30298e-09
902.2	-4.45557e-09
902.3	-4.48608e-09
902.4	-4.45557e-09
902.5	-4.5166e-09
902.6	-4.39453e-09
902.7	-4.5166e-09
902.8	-4.39453e-09
902.9	-4.48608e-09
903	-4.54712e-09
903.1	-4.5166e-09
903.2	-4.5166e-09
903.3	-4.54712e-09
903.4	-4.5166e-09
903.5	-4.54712e-09
903.6	-4.63867e-09
903.7	-4.69971e-09
903.8	-4.36401e-09
903.9	-4.63867e-09
904	-4.5166e-09
904.1	-4.48608e-09
904.2	-4.5166e-09
904.3	-4.57764e-09
904.4	-4.54712e-09
904.5	-4.57764e-09
904.6	-4.48608e-09
904.7	-4.82178e-09
904.8	-4.60815e-09
904.9	-4.42505e-09
905	-4.63867e-09
905.1	-4.66919e-09
905.2	-4.57764e-09
905.3	-4.63867e-09
905.4	-4.45557e-09
905.5	-4.60815e-09
905.6	-4.63867e-09
905.7	-4.79126e-09
905.8	-4.57764e-09
905.9	-4.48608e-09
906	-4.48608e-09
906.1	-4.79126e-09
906.2	-4.76074e-09
906.3	-4.57764e-09
906.4	-4.79126e-09
906.5	-4.66919e-09
906.6	-4.66919e-09
906.7	-4.57764e-09
906.8	-4.76074e-09
906.9	-4.79126e-09
907	-4.66919e-09
907.1	-4.63867e-09
907.2	-4.82178e-09
907.3	-4.63867e-09
907.4	-4.76074e-09
907.5	-4.82178e-09
907.6	-4.57764e-09
907.7	-4.73022e-09
907.8	-4.73022e-09
907.9	-4.79126e-09
908	-4.48608e-09
908.1	-4.57764e-09
908.2	-4.76074e-09
908.3	-4.5166e-09
908.4	-4.48608e-09
908.5	-4.63867e-09
908.6	-4.76074e-09
908.7	-4.60815e-09
908.8	-4.54712e-09
908.9	-4.79126e-09
909	-4.76074e-09
909.1	-4.60815e-09
909.2	-4.69971e-09
909.3	-4.82178e-09
909.4	-4.66919e-09
909.5	-4.57764e-09
909.6	-4.88281e-09
909.7	-4.73022e-09
909.8	-4.48608e-09
909.9	-4.73022e-09
910	-4.76074e-09
910.1	-4.69971e-09
910.2	-4.60815e-09
910.3	-4.66919e-09
910.4	-4.57764e-09
910.5	-4.69971e-09
910.6	-4.66919e-09
910.7	-4.76074e-09
910.8	-4.76074e-09
910.9	-5.00488e-09
911	-4.85229e-09
911.1	-4.54712e-09
911.2	-4.63867e-09
911.3	-4.69971e-09
911.4	-4.66919e-09
911.5	-4.73022e-09
911.6	-4.66919e-09
911.7	-4.85229e-09
911.8	-4.76074e-09
911.9	-4.88281e-09
912	-4.73022e-09
912.1	-4.73022e-09
912.2	-4.73022e-09
912.3	-5.00488e-09
912.4	-4.69971e-09
912.5	-4.73022e-09
912.6	-4.63867e-09
912.7	-4.57764e-09
912.8	-4.97437e-09
912.9	-4.54712e-09
913	-4.63867e-09
913.1	-4.82178e-09
913.2	-5.00488e-09
913.3	-4.5166e-09
913.4	-4.79126e-09
913.5	-4.63867e-09
913.6	-4.82178e-09
913.7	-4.60815e-09
913.8	-4.91333e-09
913.9	-4.85229e-09
914	-4.73022e-09
914.1	-4.69971e-09
914.2	-4.76074e-09
914.3	-4.69971e-09
914.4	-4.66919e-09
914.5	-4.73022e-09
914.6	-4.82178e-09
914.7	-4.73022e-09
914.8	-4.60815e-09
914.9	-4.69971e-09
915	-4.76074e-09
915.1	-4.82178e-09
915.2	-4.94385e-09
915.3	-4.66919e-09
915.4	-4.69971e-09
915.5	-4.79126e-09
915.6	-4.73022e-09
915.7	-4.73022e-09
915.8	-4.60815e-09
915.9	-4.69971e-09
916	-4.88281e-09
916.1	-4.60815e-09
916.2	-4.57764e-09
916.3	-4.79126e-09
916.4	-4.60815e-09
916.5	-4.88281e-09
916.6	-4.66919e-09
916.7	-4.73022e-09
916.8	-5.0354e-09
916.9	-4.82178e-09
917	-4.91333e-09
917.1	-4.57764e-09
917.2	-4.85229e-09
917.3	-4.85229e-09
917.4	-4.73022e-09
917.5	-4.85229e-09
917.6	-4.91333e-09
917.7	-4.82178e-09
917.8	-4.73022e-09
917.9	-4.69971e-09
918	-4.76074e-09
918.1	-4.76074e-09
918.2	-4.82178e-09
918.3	-4.79126e-09
918.4	-5.49316e-09
918.5	-4.5166e-09
918.6	-4.91333e-09
918.7	-4.88281e-09
918.8	-4.66919e-09
918.9	-4.02832e-09
919	-5.24902e-09
919.1	-4.88281e-09
919.2	-4.91333e-09
919.3	-4.91333e-09
919.4	-4.11987e-09
919.5	-5.52368e-09
919.6	-4.82178e-09
919.7	-5.06592e-09
919.8	-5.21851e-09
919.9	-5.12695e-09
920	-4.63867e-09
920.1	-5.40161e-09
920.2	-4.82178e-09
920.3	-4.48608e-09
920.4	-4.88281e-09
920.5	-5.37109e-09
920.6	-4.69971e-09
920.7	-4.88281e-09
920.8	-4.94385e-09
920.9	-4.54712e-09
921	-4.5166e-09
921.1	-5.67627e-09
921.2	-5.06592e-09
921.3	-4.08936e-09
921.4	-4.76074e-09
921.5	-5.46265e-09
921.6	-4.15039e-09
921.7	-4.11987e-09
921.8	-5.79834e-09
921.9	-5.43213e-09
922	-4.42505e-09
922.1	-4.39453e-09
922.2	-4.91333e-09
922.3	-4.76074e-09
922.4	-4.63867e-09
922.5	-5.21851e-09
922.6	-5.21851e-09
922.7	-4.42505e-09
922.8	-4.82178e-09
922.9	-5.31006e-09
923	-4.30298e-09
923.1	-4.66919e-09
923.2	-5.43213e-09
923.3	-5.12695e-09
923.4	-3.96728e-09
923.5	-4.79126e-09
923.6	-5.5542e-09
923.7	-4.91333e-09
923.8	-4.69971e-09
923.9	-5.52368e-09
924	-4.69971e-09
924.1	-4.15039e-09
924.2	-5.52368e-09
924.3	-5.43213e-09
924.4	-4.02832e-09
924.5	-5.24902e-09
924.6	-5.40161e-09
924.7	-4.54712e-09
924.8	-4.69971e-09
924.9	-5.24902e-09
925	-5.06592e-09
925.1	-4.69971e-09
925.2	-4.88281e-09
925.3	-5.24902e-09
925.4	-4.66919e-09
